3
192
8
3
-0.997497
0.389535
-3.86221
1.26139
-0.651343
-0.454449
-0.323747
0.693331
0.277525
0.49321
-1.03517
0.325395
0.736679
0.949811
0.599544
-2.34923
-0.197191
-0.175804
-0.705374
-0.585503
0.182728
0.305664
-0.563486
-0.597345
-1.32231
-0.46855
-0.411848
0.142369
0.11546
-0.56706
0.0212293
-0.0783328
0.396187
-0.700218
-0.957491
-0.41089
0.566637
-0.0128021
-0.445671
-0.717466
1.39859
0.846988
0.776628
0.949465
0.0392145
-0.715323
0.0148927
-0.965506
0.549841
-0.524831
0.606385
0.483869
0.834731
0.287749
0.222999
0.150135
-1.19545
-0.174077
0.226219
-0.823099
-0.417315
-0.97463
-0.321363
-0.88757
-1.88331
1.73904
-0.394787
0.111239
0.327873
1.21096
0.694411
0.762919
-0.0301217
-0.603851
1.74647
0.122692
0.0883891
0.845058
0.446539
-0.730819
0.157608
-0.22953
0.68323
0.89844
0.637114
-0.735234
-0.65827
-0.743162
-0.0659659
0.359095
0.0342113
0.731813
-0.030657
-0.276172
0.406796
0.463268
0.32685
-1.06001
1.62369
0.00961328
-0.39062
0.635258
-0.766674
1.37275
0.435137
-0.352626
-0.253989
0.0323147
0.933226
0.783999
-1.26828
0.879222
0.413055
0.321285
-0.948902
-0.748198
1.30161
-0.0494705
-0.999419
-0.299692
0.167351
0.0469116
-0.238044
0.583516
-0.0717504
0.590057
0.443831
-0.239045
-0.864009
-0.591458
0.222115
-0.764094
0.518151
0.0870907
-0.436882
-0.790643
0.504378
0.501159
-0.105654
-1.63738
0.215271
-0.0898234
0.453098
-0.899476
-0.0878018
-0.234816
0.855407
-0.737515
0.395422
0.0842282
-0.23198
-0.0100798
0.786896
-0.204688
0.214248
0.584703
-1.21687
0.622257
0.0487987
0.139869
-0.289519
-0.782724
0.686087
0.267428
-0.44891
-0.669421
-0.176521
-0.757231
0.21284
0.14827
-0.790268
0.882138
-0.18856
-1.38538
-1.00824
0.667926
0.599928
0.850738
-0.638754
1.02743
-0.494552
-0.826812
-2.21979
-1.00528
0.510719
0.706218
0.046129
-1.24471
0.280878
-0.971496
-1.07505
-1.65778
0.649416
-0.274141
0.195202
-0.314057
-0.60272
-0.709433
0.392437
-0.842332
-0.159481
-1.17106
1.03142
0.277682
0.534896
-1.10861
0.209302
0.926084
-0.466138
0.81889
-0.971485
-0.276259
-0.317586
0.987808
-0.299311
0.537001
-0.804987
-0.752072
-1.15573
-0.177792
-0.00395022
-0.451609
0.378831
-0.61598
-1.63114
0.538133
0.873593
-0.564718
0.652102
0.501696
0.0886283
-0.51948
-0.485339
0.461344
0.709586
0.968326
-0.0791309
1.16115
-0.114222
-0.210178
-0.878269
-0.0351042
-0.380025
0.810175
-0.619008
-0.953402
0.92895
-0.28027
0.534598
-0.647429
-0.248599
-1.40585
0.48149
-0.40156
-0.0693797
0.884571
0.969279
-0.391967
-0.409874
0.117316
2.02
0.229408
0.54911
-0.717396
0.610644
1.6234
-0.28155
-0.682292
-0.97754
0.465396
-0.782891
1.0279
0.340453
0.818568
-0.176545
-0.0610017
-1.69419
-1.21813
1.15822
0.640004
-0.180515
0.746555
-0.491087
0.0558165
0.404809
-1.34588
-0.565058
-0.187434
0.475997
0.220313
0.844165
1.43289
2.26054
0.639291
-0.654368
0.916416
0.775506
-0.868526
1.44194
-0.551158
0.819649
1.94894
-0.713344
0.0838627
0.421934
0.718393
-0.790399
-0.230373
0.281756
0.171554
0.281886
0.236224
-0.61706
-0.852053
-0.812187
-0.241737
0.0218141
2.03339
0.558625
-0.367201
0.51263
-0.406399
0.312617
0.390562
-0.98822
0.628064
0.106205
0.689141
0.0450002
0.128866
-0.400428
0.153081
0.0139284
0.570727
-0.019514
0.518112
1.93314
0.604065
-0.744128
-0.660292
-0.759949
1.40563
0.903439
0.305132
-0.89134
0.202885
-0.987085
0.206951
-0.861636
0.982227
1.58659
0.193762
0.532278
0.214572
-0.621789
-1.28891
0.380638
0.21014
-0.207422
-0.364981
-0.66216
-0.0746522
0.0308423
0.246322
-0.288574
0.384502
-0.984335
0.714758
0.14149
0.222205
0.480456
0.537629
-0.497677
0.350763
-0.154178
-0.201323
-0.232297
0.869548
-0.867672
-0.246763
-0.927956
-0.26624
0.0390354
-0.463632
0.404352
-0.173683
0.467962
-0.730583
-0.176307
1.39608
0.917378
1.76822
0.356663
-0.979217
-0.636649
1.2966
-0.543016
0.696357
-0.294317
-0.470691
1.38101
0.917903
-1.54363
-0.842823
0.207366
-0.146397
-0.752069
-0.845733
0.780922
0.648958
-0.652228
-1.0212
0.96321
-1.10525
-0.90582
-1.89625
1.14959
0.253153
0.50404
-0.229348
1.03253
0.494455
0.294033
0.684194
-0.860433
0.878124
-1.00159
-0.750278
-0.0116236
1.03804
-0.302363
-0.916227
0.171117
-1.7244
0.806713
0.371152
-0.285286
0.77123
-1.11771
0.835556
-0.852835
0.572314
0.738064
-1.11205
-0.25672
0.0531106
-0.794148
-1.32114
-0.979176
0.230641
0.710196
0.0707386
-0.52499
0.413906
0.238161
0.513061
0.696419
-0.18634
-1.33445
0.379009
0.809235
-0.507937
-1.02893
0.302374
0.558424
0.843486
-1.03089
-0.432749
0.89581
-0.777581
-2.07377
-0.685485
1.9371
-0.1364
-1.25863
-0.0670762
-0.542055
0.389081
-0.380659
-2.16252
-0.740519
0.42478
0.733736
-0.300976
-0.269467
0.301064
-0.839778
0.226802
-1.16768
0.80764
0.795399
1.09352
0.53885
-0.751041
-0.696054
0.501266
-0.672928
-0.130827
-0.407363
0.331086
-0.88759
-0.596737
-0.323422
0.00761758
-0.692984
0.0698456
-0.273474
0.811076
0.195822
0.557263
0.388762
0.543211
1.14727
-0.0890836
0.792134
0.0422699
-0.908005
0.0640036
0.319434
-0.762702
1.3334
-0.260832
0.15714
-0.0643744
0.0596763
-0.259317
-1.17837
-0.860074
0.10732
0.198043
-1.49378
-0.221168
0.403921
0.939739
0.559075
-0.887696
0.562177
0.315436
0.819466
0.991379
-0.117405
0.670377
2.27199
1.72171
-0.536234
-0.374105
0.509283
1.36065
0.128015
0.974914
-0.210156
2.03364
-0.00885226
-1.74141
0.428096
0.591663
-0.254
-2.21898
-0.479598
0.739395
1.7154
0.32193
-0.191194
1.05197
-0.233484
0.79982
0.616342
-0.382794
0.7462
1.74234
-0.583746
-0.880406
0.747369
0.64606
1.48381
-1.39381
-0.599658
0.29111
-1.01395
1.46401
-0.797965
0.137759
-0.226368
0.793765
-0.138952
0.0359203
1.61402
-1.10926
0.616591
-0.818376
-0.710022
0.0212425
-0.420709
0.124068
-0.38554
1.81852
-1.25434
-0.088489
-0.926969
0.511257
2.19434
-0.0659901
0.280252
0.231422
0.932021
-1.80843
-0.828535
-0.353413
-0.870691
0.395142
-0.1877
1.78936
0.455733
0.822703
-1.48151
0.15476
-0.545685
-0.177508
-0.790698
0.730521
-0.296627
-0.878353
0.417163
-0.957957
-0.837634
-0.487758
0.142333
-0.387781
0.0175948
-0.2602
0.21189
0.4656
-1.30717
-0.709113
1.05218
1.02757
0.458868
1.1379
0.235986
0.125706
0.8595
-1.81806
-1.01353
-0.363352
-0.819985
0.392844
-0.102799
-0.373654
-0.937925
0.0347228
-1.07838
0.0109632
-0.327244
0.653711
0.00939468
0.620809
0.587003
0.165197
0.398344
0.189786
1.21041
0.0592873
0.595573
0.361157
-0.167566
1.04889
0.3455
-0.0181907
-1.25531
-0.306741
-0.606652
-0.551088
1.7292
-0.598898
0.56352
-0.766289
0.159312
0.418925
0.621262
-1.03538
0.473744
1.87699
0.511251
0.91584
-0.605274
0.472684
0.670229
0.806085
1.13937
0.574968
-1.21618
-0.656706
0.167124
-0.470016
-1.73899
0.435634
1.07235
-0.880587
0.812188
-0.141636
-0.547449
1.18023
0.710685
-2.28675
0.638865
0.396004
-0.60338
1.3803
-0.0733926
0.963284
1.54952
-0.969298
0.321241
0.652247
-1.02532
-1.09782
-0.695338
2.34457
0.392124
-1.312
-0.257546
0.255459
-1.99136
1.00974
-0.60671
-0.573304
1.65949
0.0397314
-0.0335739
0.538438
-1.60152
-0.668405
-0.427875
-1.24886
0.726418
0.29025
0.54184
0.990329
-0.818659
-0.0401584
1.2759
-0.498823
-1.90365
0.533902
2.36597
-0.00694438
-3.12838
-0.068453
-0.510712
-4.24044
1.75913
-1.31963
-1.30504
1.32639
0.996038
0.870359
0.728446
0.435449
-3.12341
1.72342
-1.82153
0.140726
1.07132
1.12844
0.888371
0.816645
0.79317
1.94778
0.385582
-1.42741
-0.409981
0.79464
0.0559361
-1.17144
-0.998291
0.544532
-0.0384529
-0.517775
-0.690947
-0.5516
1.65594
0.701403
-0.581909
-0.714286
-0.768046
0.438718
-0.330464
1.25252
-0.0900812
0.017086
0.9766
0.867797
-0.13657
-0.980414
0.858756
0.160343
0.654965
0.708224
-0.822742
0.366477
-0.449967
0.268532
-0.240225
1.88674
-0.413017
-0.406778
-0.461693
-0.551165
-0.0675795
-0.445495
0.21604
-1.237
3.11783
0.580653
-0.134275
-0.107911
-0.494152
1.21494
0.632413
0.283303
-0.622361
1.01403
0.512979
-0.993653
0.234194
-0.202665
-0.28399
1.16708
-0.507126
-0.9831
0.263409
1.03629
0.119511
0.399934
0.133211
0.162152
1.11947
0.491073
-0.276567
0.498441
0.60465
1.22567
0.233538
1.51424
0.225298
0.345653
-0.100558
0.537426
1.47906
-0.0846729
-0.542826
-0.286199
0.82336
0.797558
1.64423
-0.917295
0.326173
-0.61697
0.481959
-0.0300693
0.0770477
-0.968399
1.02528
0.428518
0.201819
-0.773677
-0.232057
0.495023
-0.366206
-0.0905957
0.324613
-0.243873
0.609892
-0.556749
0.904272
1.5067
0.380344
-0.579145
0.71458
-1.54179
-1.10371
-0.42535
-0.248207
-0.156494
1.34758
0.738117
0.194166
0.107175
-0.379584
-0.174038
0.0713524
0.474349
0.930453
1.00222
-0.529024
-1.36172
1.0461
-0.574713
0.0655374
-1.26001
0.738884
0.59402
0.61228
-0.206643
0.667488
-0.928063
-1.51471
-0.444203
-1.66928
0.182226
-2.00919
0.761181
0.911032
-0.105115
0.81664
-1.04257
0.674611
-0.275228
0.617725
-1.9032
2.2232
1.0612
-1.49624
0.15995
-1.49721
0.0510563
0.152507
-0.608753
2.35333
-0.677305
-0.386927
-0.634825
-1.17646
-0.743593
-1.46727
-1.30156
0.52208
2.14841
-2.06875
0.020397
-0.606345
0.542327
-0.656691
0.149924
1.19025
-0.522996
0.919891
-0.292044
0.904109
-0.367582
1.1164
-1.26628
0.401348
1.08387
0.49443
0.845818
0.596622
0.251372
-0.437006
-0.744127
-0.194905
-1.082
-1.26919
0.580737
0.737777
-3.09235
0.736038
-0.66312
0.19359
1.68174
1.27868
-0.371383
-0.21012
-0.0883341
-2.94228
0.584817
-2.33843
0.125242
0.704238
0.168776
-0.0870772
-0.884945
0.204486
-0.64313
-0.668786
-1.30159
0.885197
-1.38808
1.06081
-0.417703
-0.409406
0.975173
-0.0769622
-1.37019
-1.2746
-1.18658
-1.64943
0.674792
-1.69058
-0.252358
1.24389
-1.77367
0.0806679
-1.46957
0.454024
-1.63677
-0.543373
-1.29998
-0.541246
0.440908
0.131056
0.869308
0.728297
0.417455
-0.3875
-0.326806
0.695409
-0.288186
0.384305
-0.0471736
0.496729
0.86721
-0.187887
0.903679
0.372714
0.986669
0.998657
1.01007
1.49204
0.408994
-0.527687
-0.447331
-0.192575
-0.284678
1.87094
0.483627
0.381222
-2.10967
0.839892
0.549515
0.445497
1.08063
-0.696058
1.39213
-0.249855
0.388761
0.674949
0.851315
-0.291837
0.157115
-0.460771
-0.554213
0.063683
-0.16306
-0.884402
1.09469
0.598371
0.331499
0.252572
1.24473
-0.162104
-0.154735
0.542344
-0.467987
1.48308
0.960682
0.893191
-0.0921617
-0.183636
1.04017
1.08013
0.293741
-0.178906
1.89485
-0.301384
-0.3231
-0.925876
-0.610402
-0.056834
-0.940097
-0.350139
1.26181
0.633552
0.960842
-0.482803
0.805845
0.385198
-0.0514818
-0.806059
0.269509
0.706666
2.06076
-0.159223
-1.11468
1.11152
-1.3271
-0.574797
-0.196891
0.363323
1.37047
0.879575
0.452593
0.625144
-0.467509
1.21799
0.0941769
-0.886776
0.0330515
-0.224455
-0.479235
0.0863476
-0.472685
0.818201
-0.177583
0.515428
-1.17464
0.26194
-0.540456
1.53836
1.16248
0.593444
0.449352
0.248061
-0.639278
0.363283
0.194433
0.520667
-0.908029
-0.288341
1.44684
-0.611539
-0.787525
-0.716612
1.06022
-0.192236
0.0181559
-1.78708
-0.879883
0.736692
0.754527
0.647423
0.366592
0.540613
0.0662557
-0.452511
0.833362
0.949047
0.476679
-0.0339603
-1.39676
-0.0252713
0.118585
0.119236
-1.00136
0.135468
-1.27175
1.07729
0.428394
0.699623
0.477858
-0.808462
-0.847102
-0.0492118
0.266228
-0.869925
-0.602933
0.748811
0.696671
0.656806
0.842646
0.176855
0.0512042
-0.532978
0.367573
0.802022
-0.86662
0.0209386
0.444959
1.1853
-0.537828
-0.787469
1.16648
0.462267
0.298928
-1.09936
1.4945
-0.681623
-1.20138
-0.486129
-0.836474
0.144756
-1.1185
0.666943
0.960285
0.14716
-1.03102
-0.473604
-0.440535
-0.214583
-0.406943
0.0560971
0.557976
0.181769
-0.306286
-0.0962269
-0.525082
0.902646
-0.376595
0.690316
0.46587
1.16925
0.0176181
1.15776
-0.0576085
0.339414
-0.464156
0.303822
0.240264
-1.28258
1.2129
0.0747179
-0.507632
-1.05005
-0.597685
-0.0904263
0.692591
-2.83068
-1.12752
-1.11961
0.429315
1.35912
0.647043
0.957431
-0.402509
0.205077
0.633574
0.137244
-0.326302
-0.318214
-0.251664
-0.540132
-0.753392
-0.287576
0.176406
-0.630242
-1.46217
-0.161477
-0.699499
1.35245
-0.780153
-0.0469134
0.0512406
-0.182165
0.796249
-0.00093669
0.140348
-0.973944
-1.77347
-0.579273
1.19995
-0.501572
-0.517743
1.12841
0.156048
0.323151
0.693628
0.510837
1.31442
-1.07117
-0.693533
-0.370086
2.44162
1.28114
-1.10656
0.728908
1.03322
-0.241141
0.745991
0.343913
-0.0442205
0.0838364
1.13937
0.0953455
0.271892
-0.786142
-0.650494
-0.94864
-0.604114
-0.630466
1.06798
-0.384129
-1.38341
0.171918
-0.659314
0.841863
-0.379278
0.965148
-0.640623
0.991161
-0.504867
0.0351207
0.00933313
-0.258321
-0.466185
-0.0604026
-0.326945
0.687933
-0.0510196
-0.132476
-0.0445729
0.870426
0.874857
0.0564846
0.953969
0.373394
-0.105472
0.173302
-0.631927
0.911197
0.514697
0.576661
-1.10006
0.136646
-0.958434
0.699897
-0.0415083
0.193421
0.723385
0.03021
1.11262
0.340424
0.894665
0.519883
0.550269
-0.570173
0.0262934
1.8365
-1.00248
1.1582
-1.71064
1.22856
-0.46147
-1.08591
0.43261
1.04588
1.09014
0.0175857
-0.657056
-0.207126
1.10608
0.720145
-0.00586949
0.331529
-0.408162
0.543506
0.871527
0.158001
-1.09999
0.131554
-0.398175
0.301944
2.10172
-1.20925
-0.637972
-1.28268
-1.04927
0.354677
-1.52409
0.264565
-1.46716
0.387239
0.125863
-0.544841
-0.71972
-0.475956
0.22909
-0.527784
0.135167
0.341346
1.11568
0.033675
1.23296
0.441296
0.673131
-0.300616
-0.708073
-0.611499
0.998919
-0.835899
-0.807134
-0.287368
-1.13746
0.571621
0.555587
-0.376498
0.800104
-0.447506
-0.362672
-0.879591
-1.18011
0.00472537
0.643411
-0.24396
0.278082
0.952086
-1.00994
1.74039
-0.702698
1.08686
0.409251
-0.11292
-0.895943
-0.144001
0.0639973
-0.37947
-0.442131
-0.803614
-0.610241
-0.102109
0.438989
0.00638343
0.66901
-0.988464
-0.473632
-0.518506
0.70608
-0.418462
-0.0567218
1.10384
0.684489
1.00335
0.660207
0.0197093
0.346208
0.268906
-0.11386
0.0715915
-0.0127003
-0.89501
1.50357
-0.796136
0.124068
-1.24816
-0.21034
-1.00206
-1.03472
-2.23338
-1.00515
0.439278
0.526597
-0.890187
-1.8293
-1.28232
0.709384
-0.941513
0.119171
0.622313
0.249526
0.757317
0.163277
-0.808231
-0.696628
0.677874
0.658586
-0.123591
-1.27834
-0.441006
0.232521
-0.826213
0.00141568
-0.938726
0.663306
-0.224731
-2.16313
-0.285723
-0.474808
0.246254
0.094088
-2.6867
-1.36543
-0.175382
-0.259386
-1.2043
0.504749
0.541673
-0.376934
-0.664223
-0.224191
-0.655471
1.2643
-0.119753
-1.12495
-0.860363
0.0241699
0.160863
0.408755
-0.553806
-0.591505
1.15392
-0.460617
0.702962
0.230192
0.438491
-0.832698
-1.24145
-1.315
-1.29786
-0.474717
0.176782
-0.0182214
-0.509411
-1.18908
0.229041
-0.79426
-0.472203
0.255597
0.149555
0.886949
0.157897
-1.48698
0.11515
-0.470809
-1.20921
0.293085
0.833354
-1.51544
1.34146
-0.853473
1.30029
-0.145631
-0.554674
-1.94085
-0.528281
0.13203
-0.669016
0.753812
0.970493
0.0115184
0.28844
0.448347
-0.255639
-1.22701
-0.101104
-0.142388
0.784854
-0.0996718
-0.179359
0.390188
-0.811212
-0.766371
-0.335145
-0.050248
0.625513
-0.719164
-0.410142
-0.380921
-0.411403
-0.635426
-1.41375
-0.370154
-0.145875
-0.312645
-0.394724
0.306681
0.751758
1.16829
-0.107089
0.702028
0.491884
0.718266
-0.0630245
0.540289
-0.399969
0.288102
0.0578961
-0.400922
0.464506
1.56649
0.244568
0.629071
-1.21044
-0.479127
-0.434801
-0.162978
0.718925
-0.55159
-0.900299
-0.232865
0.97989
0.325367
-0.1637
0.259465
-1.06694
-0.434736
-0.153664
1.04172
0.549377
-0.0783752
-0.574251
1.42976
-1.61478
-1.28468
0.829585
-1.01323
0.944541
-0.797016
-1.34597
-0.376883
0.381506
-0.130924
-0.167919
0.674368
-1.38658
-1.04122
0.72766
-0.950305
1.09326
0.85099
-0.571391
-0.979032
-0.590747
-1.34684
0.519651
-0.433618
0.507523
0.37921
0.395992
-0.906563
0.0434941
0.572253
1.22231
0.475219
0.796919
-0.27483
-0.98706
0.389527
0.598424
-0.668293
0.785516
-0.538138
-0.408721
0.0120172
-0.000583676
0.677407
2.00358
-0.200279
0.309557
0.349284
-0.203957
0.635956
0.481657
0.780767
0.897023
0.781101
-0.458666
1.17064
0.118076
-0.391848
0.4134
-1.08649
0.678682
0.405761
-0.642196
-0.688121
-0.850003
-0.350871
-1.25557
0.0616984
-0.430521
-0.206725
-0.350511
0.740277
0.00235143
0.872343
-0.606311
0.070832
2.06808
0.284764
-0.0368176
0.812654
-1.40989
-1.03246
1.19692
0.418805
-0.251074
0.420627
-1.41309
0.813102
-1.15407
-0.536799
-1.07517
0.365489
0.137913
-0.216685
-2.08865
-1.07439
-0.0489383
-0.52126
-0.574973
-1.01975
-0.00214144
0.641285
0.453571
-0.0638898
1.00829
0.813182
-0.81019
-1.77311
-0.361471
0.263484
-0.410504
-0.327509
-0.60647
0.0948725
0.471333
-0.894776
2.03489
0.143867
-0.378902
0.0191351
0.636042
-0.24096
-0.289071
0.307124
1.41563
0.473234
-0.385504
0.906569
0.319437
-0.423299
0.701765
-0.943515
-0.623514
0.0850862
0.242984
-0.746785
0.521234
0.488693
-0.430254
-1.10429
-1.02363
0.17185
-3.60802
1.29061
1.27229
-0.0348216
3.27916
-1.13668
-1.14625
-0.781487
-3.05166
1.41657
1.05374
-0.179418
-3.3106
1.0836
1.36098
0.088107
3.89323
-1.28559
-1.30764
0.847652
-3.53259
1.25674
1.17564
-0.97943
3.63643
-1.20105
-1.38782
-0.975219
-0.0755809
-0.0210875
0.008638
1
0.0352941
0.309804
0.760784
0.00392157
0.294118
0.745098
0.0588235
0.290196
0.717647
0.0196078
0.290196
0.745098
0.0313726
0.27451
0.721569
0.0666667
0.321569
0.756863
0.0666667
0.317647
0.745098
0.0196078
0.298039
0.745098
0.435294
0.580392
0.854902
0.521569
0.65098
0.870588
0.278431
0.333333
0.45098
0.4
0.0941176
0.32549
0.509804
0.054902
0.290196
0.490196
0.0980392
0.333333
0.486275
0.121569
0.376471
0.0431373
0.298039
0.737255
0.690196
0.760784
0.909804
0.701961
0.752941
0.898039
0.372549
0.54902
0.545098
0.258824
0.298039
0.184314
0.717647
0.52549
0.560784
0.760784
0.494118
0.552941
0.705882
0.529412
0.588235
0.152941
0.403922
0.788235
0.270588
0.498039
0.835294
0.329412
0.52549
0.843137
0.188235
0.392157
0.45098
0.0627451
0.282353
0.121569
0.290196
0.294118
0.27451
0.396078
0.396078
0.372549
0.282353
0.309804
0.32549
0.0627451
0.368627
0.752941
0.117647
0.435294
0.823529
0.145098
0.439216
0.811765
0.141176
0.34902
0.556863
0.0392157
0.152941
0.301961
0.00392157
0.184314
0.380392
0
0.129412
0.278431
0
0.207843
0.45098
0
0.396078
0.815686
0.156863
0.486275
0.835294
0.380392
0.592157
0.843137
0.490196
0.643137
0.843137
0.2
0.513726
0.870588
0.113725
0.490196
0.858824
0.054902
0.470588
0.85098
0.337255
0.592157
0.878431
0.0745098
0.470588
0.835294
0.290196
0.560784
0.854902
0.231373
0.545098
0.835294
0.309804
0.552941
0.8
0.364706
0.6
0.866667
0.270588
0.564706
0.854902
0.207843
0.556863
0.854902
0.14902
0.541176
0.847059
0.054902
0.521569
0.85098
0.145098
0.533333
0.85098
0.109804
0.533333
0.835294
0.164706
0.545098
0.819608
0.266667
0.584314
0.862745
0.27451
0.588235
0.862745
0.341176
0.615686
0.870588
0.180392
0.576471
0.866667
0.152941
0.584314
0.870588
1
-1
-0.999995
0.999657
-0.762587
1
-0.911324
-1
0.999006
1
0.992228
-0.957867
-0.97141
0
0.00405179
0.00223166
0.00129503
-0.00132009
-0.000803679
0.000792239
-0.0018829
-0.000633471
0.00147083
-7.4586e-05
0.000590007
0.00213988
-0.000882143
-0.000976121
-0.000100865
0.000575309
-0.000378332
-0.000585644
-0.00120038
0.000135353
0.000436523
-0.000796275
-0.00163359
-0.00108298
0.00105725
0.00144
0.000849237
0.00113499
0.00130414
0.00360097
0.0024335
0.00120348
-4.11776e-05
0.00100542
0.00079104
0.000729534
0.00158703
0.0019408
-0.000452095
0.000700751
0.000607465
-0.000605639
0.0021307
0.00300846
0.00152314
-0.00193963
-0.00207958
0.00178566
0.00235688
-0.00149338
-0.00157572
0.00216471
0.000670045
-0.00116939
0.00118953
-0.000520403
0.00131555
-0.000581871
-0.000410587
-0.00105592
-0.000950849
0.000472941
-0.00156582
2.12329e-06
4.31306e-06
-0.00398913
-0.000199604
0.00115257
0.000628856
-0.000776884
-0.000603674
6.43234e-05
-0.000412572
-0.00285617
-0.00342834
0.00224229
0.000545796
0.000407447
-0.00332726
-0.00211999
-0.000178321
-0.00192187
-0.00102864
-0.000489487
-0
-0.00297135
0.000110202
2.25363e-05
0.000894708
0.00095724
0.000508353
-1.07714e-05
-0.00224945
-0.000967235
0.0012357
-0.000315461
0.00272491
0.000663892
0.000761801
0.00127978
0.000901572
0.00102962
0.000555032
0.000530892
0.000538833
8.85046e-05
-0.00135644
-0.00062163
0.00216569
0.00174883
0.00233897
0.0002894
-0.00137329
0.000836318
-0.00104816
0.000666139
-0.00186274
0.000391095
0.000610174
-0.000655645
0.00217774
-0.00197491
-1.77987e-05
-0.000350242
0.00100404
-0.000814859
0.00270249
-0.000881986
-0.000958908
0.000222905
-0.00179084
-0.000237705
0.000461914
-0.00104428
0.00080795
-0.00225674
0.000185582
-0.00204045
0.00271013
-0.000973203
-0.00134902
0.000911591
0.000738605
0.000370007
-0.00100477
-0.000567999
-0.00137348
-0.00176876
0.000896
-0.000131145
0.00163484
0.000441228
-0.00124029
-0.0011406
-0.000634238
0.000229516
-0.000462661
-0.00107491
0.000345602
0.0025156
-8.77935e-05
0.000164809
0.0024348
0.00149277
0.00152818
-0.000667245
-0.000108665
-9.87744e-05
0.0008776
-0.00119014
0.000216695
0.000521885
-0.000239816
0.00053834
0.000539004
1.03597e-05
-0.00191095
-0.000295562
-0.00094264
-0.000379891
-0.000554281
-0.00241615
-0.000842371
0.000441791
-0.000529407
0.00168513
0.000897274
0.000930353
0.00273908
-0.00209465
-0.000379078
-0.000153006
0
-1.86136e-08
-1.24262e-08
-4.09785e-05
5.09762e-08
2.76047e-07
-0.00194891
-9.13383e-05
0.000269645
0
2.81851e-05
-0.857103
0.850299
