4
192
16
16
3
-0.997497
0.209461
0.478644
1.50305
0.128954
-0.0269524
1.28035
0.635161
3.99176
0.0923628
-0.731412
1.21469
0.189736
0.356883
0.00140729
-1.07804
0.04676
-0.271096
-0.747509
-1.22555
1.2233
-0.0600566
-0.503944
-0.896244
-0.994697
0.76652
-0.412853
0.348081
1.37524
1.05605
-0.943129
0.404452
-0.307571
0.117701
-0.885922
0.100499
0.245705
0.971292
0.035797
-0.531991
1.13211
0.420766
0.673555
0.448563
0.110899
-0.707415
-0.187743
-0.611917
0.908042
-1.26597
1.26522
0.687307
0.881474
0.707365
0.823931
-0.215832
-0.404552
0.382612
0.638849
-1.6654
-0.362257
-0.769528
0.743798
-0.520145
-0.905743
1.07467
-1.67432
0.0959143
0.175817
0.264258
-0.647699
1.17605
-0.0256432
-0.555687
0.535036
-0.101531
0.39893
0.928035
0.518093
-0.296765
0.516019
-0.678701
0.475486
0.377112
1.49613
-0.277322
-0.80547
-1.41964
0.622573
0.626039
0.0615758
1.68716
0.48108
0.111292
-0.369655
0.365336
0.519314
-0.419282
0.126972
0.0837501
-1.01014
2.5589
-0.716849
0.696019
-0.459051
0.679669
-0.141364
-0.72873
2.12468
0.325227
-0.35537
1.49698
0.696987
0.593536
-0.0952109
-0.73625
0.663503
-1.38972
0.557958
0.00784326
0.551457
-1.91785
0.641706
0.143533
0.393163
0.307656
0.405678
0.136275
-0.413414
-0.242336
1.02867
0.132341
-0.306786
0.417843
0.220172
0.0483577
0.898679
0.942932
-1.11057
0.668143
-0.0291249
-0.207331
1.00176
-0.380878
0.2723
0.0373026
1.02185
-0.192448
1.48287
-0.181181
-0.486846
0.56771
1.77318
-0.204688
0.097381
-0.203458
0.200033
0.997322
0.271262
-0.233748
0.0268126
-0.157414
1.31169
0.310309
0.403592
0.36478
0.557966
-0.806536
-1.2465
1.23169
-0.371868
0.934662
-2.16
1.04075
-0.70261
0.506589
0.441796
0.389029
0.645881
0.840255
-0.480014
-0.216677
-0.284992
-1.10871
0.718648
1.2298
-1.03528
-0.768792
0.170497
-2.01895
0.384274
-0.0676191
0.485802
0.589387
0.0793902
-0.908584
0.15062
-0.550611
0.783308
0.237381
-0.355074
-0.348171
0.572597
-0.406954
0.257363
-0.619663
-0.630365
2.20473
0.397479
0.905532
0.0669893
-0.355482
-0.9142
1.28799
-0.0360609
1.3052
-0.0319319
0.195481
-0.755255
0.158337
-0.0747026
-0.903134
0.834142
-2.45738
0.554533
0.548249
-0.0684317
-1.11477
0.225289
0.575746
0.092222
-0.0369246
0.624104
0.615768
0.35969
0.613428
0.452216
1.99783
0.131504
-0.19346
-1.7675
1.22427
0.116494
0.777418
-0.466998
-0.634919
-0.134504
0.358425
0.231864
-0.00164697
0.279064
-1.16434
0.542774
0.690606
1.64408
0.382244
0.661642
-1.3747
0.961366
0.723701
0.880341
0.732326
0.422938
-1.62149
0.301704
1.01996
-0.17996
0.609905
-0.554078
-0.733206
-0.253459
1.84953
0.702445
0.55247
-2.74285
0.396311
-0.834812
-0.638265
-1.57413
0.599159
-0.0674656
-0.117243
-0.155481
-0.124535
0.111338
-0.350184
-0.530337
-0.761283
1.55874
-0.372234
0.72952
-0.178668
1.14835
0.440729
-0.357562
-0.464768
-0.768964
-1.081
0.355476
0.112815
0.334497
0.867888
-1.16557
0.871555
0.221331
0.602336
-0.790399
0.0827171
-1.1954
0.0243924
0.81494
0.248143
-0.658573
-0.814276
0.107105
-0.450549
0.0603051
0.575207
0.00609694
-0.35206
0.231569
-0.0166584
0.869483
-0.209632
-1.11192
-0.779921
-0.283962
0.296713
1.07863
-1.19864
0.460602
0.930353
-0.380165
0.600552
0.289164
-0.765421
0.442737
0.23521
-0.924134
0.39384
-0.736747
0.372385
0.522047
0.476075
-0.915482
-0.308541
-1.48399
0.25389
0.101871
0.502908
0.780103
0.285398
-0.0799197
0.332292
-0.900123
-0.84647
0.874297
0.234291
-0.68311
-0.971366
-0.246557
0.272897
-0.1693
-0.456872
-0.306615
1.36764
0.674113
0.665991
0.0723494
-0.0538473
0.40143
0.778544
-1.22198
0.57582
-0.195166
-0.606534
-1.57775
1.15795
-0.798311
0.325738
-0.116286
-0.396028
-0.584471
-0.855742
-0.355119
-0.639032
0.485344
-1.12268
-0.455085
1.09262
1.15675
0.579272
0.382813
0.28647
0.101139
0.774259
-0.306352
1.28029
-0.542306
-1.79057
-0.344353
0.996207
-0.745544
-0.852267
-0.327156
0.0168809
0.193176
-0.0291755
0.783074
-0.642854
-0.207047
-0.164058
0.922596
-0.522278
0.492178
-0.895175
-1.96258
0.554949
-0.173315
0.00996269
1.19233
0.399023
0.299513
1.49097
0.904446
-0.204627
-0.518933
-0.359222
-0.433725
0.963808
-0.0707671
-0.587067
0.154016
1.45241
-0.748561
1.10726
0.155195
1.25794
-0.874566
1.09636
-0.0129077
-0.649046
0.153355
-0.834781
-0.728841
-0.867163
-0.99073
-0.267188
-1.53365
0.285475
1.38777
-1.73923
0.638533
-0.404188
-0.617889
0.870101
0.35078
-0.11149
-0.290274
0.379009
0.344693
0.649713
-1.30719
0.733983
0.283107
0.378109
-0.870372
-0.212835
0.285988
-0.853157
-0.342194
-0.664058
1.30269
0.603891
-1.39718
1.42134
-0.264931
0.391782
-0.495166
-0.94613
-0.45994
0.310348
-0.35798
-0.806417
0.352837
-0.796695
-0.816492
0.675903
0.0274017
0.78618
0.6209
0.294349
-0.604868
-0.0867641
-0.897519
-0.188301
-1.11133
-0.192257
-0.536463
0.299536
-0.96504
-1.2048
-0.524385
-0.463931
-0.861362
-0.131816
0.602228
0.719254
-1.38754
0.456929
0.291116
0.395184
0.329248
-0.209149
0.84215
0.323654
-0.835057
0.228256
-1.15994
0.0315871
0.941893
0.22959
-0.263278
-0.0273233
-0.713023
-0.985541
-0.113727
-0.926756
0.620608
-0.868473
-0.940739
-0.184989
0.347285
-1.53121
-0.633871
-0.942189
0.0893254
-0.0681423
0.604108
0.666255
-0.501598
0.271619
1.12813
0.833884
0.184423
-0.565583
-0.296906
1.37561
-0.211378
0.824135
-1.00614
0.766522
1.32325
0.926656
0.313141
0.166788
-0.565227
-0.68509
-0.723047
-0.751325
-0.405224
0.420393
0.489439
-0.262075
0.450305
-0.205784
0.797665
-0.438106
-0.26293
1.07939
0.721674
0.535408
0.157039
0.292975
0.234493
-1.18478
-1.24279
-0.740118
0.360881
0.828395
-0.104139
0.181711
-0.751255
1.01757
-0.0916053
-0.000295453
0.455346
-0.214708
0.395809
-0.580135
-0.100567
-0.784039
-1.03017
0.813777
0.432924
0.394574
-0.70005
-0.199191
-0.67732
0.366887
0.374178
-0.263537
0.370683
-0.313171
0.582377
0.150309
-0.837108
0.896223
-0.908762
0.602062
0.615334
1.0214
0.455733
0.0738901
0.437461
0.527815
-0.255372
-0.200529
-0.365266
0.58219
-1.74461
-0.616672
-0.313286
0.431058
-0.130013
-0.354879
-0.68125
-0.271289
0.426314
0.015717
0.221099
0.508928
0.215542
-0.268695
0.872267
0.484687
0.190765
1.51425
-0.387515
0.144478
0.912152
0.167995
-0.444723
-0.709439
-0.655163
0.39067
-0.217627
-0.94464
-0.242356
-0.465173
0.719271
0.775358
0.251455
0.42014
0.0319688
0.58695
0.814233
0.157937
0.251126
-0.934988
0.185324
0.612016
-0.294122
0.178869
0.154015
1.47846
-0.0688918
-0.320995
-0.988842
0.379193
-0.371233
-1.43132
0.519546
-0.189931
0.687029
-1.15186
0.359262
-0.391839
1.53545
-0.943295
0.0711386
0.808033
0.564742
0.896188
-0.567921
0.979525
-0.254491
0.863838
0.841607
1.60671
0.279709
-0.365527
0.061706
-0.552426
-0.526093
0.758555
0.745735
-0.658132
0.437259
0.648542
-1.31394
0.63566
0.620225
-1.72129
-0.420286
-0.0466612
0.43301
0.566278
-0.604547
-0.174417
0.922112
-0.914849
0.882089
0.440888
-0.651723
-0.850461
0.469116
-0.0753231
0.69545
0.112076
-0.804106
0.502056
-0.885185
0.770941
-0.493314
-0.638489
-0.19123
-0.429924
-1.20448
0.993742
-0.75025
-0.906064
-0.936317
-0.086465
0.0797421
-0.257396
0.0301906
-0.539699
-0.841507
0.732309
0.678165
-0.297497
0.315728
0.179166
0.022727
0.49589
-0.540309
-0.00723042
-0.480026
-0.105403
1.45908
-0.364285
-0.746388
0.158702
-0.0449982
0.531482
1.01669
0.914697
-0.408728
0.578025
-0.6504
0.47841
1.04775
0.875231
0.552712
0.816645
0.861164
0.891387
-0.266311
-0.707753
-0.203148
0.788535
-0.185862
-0.596158
-0.570566
0.319836
0.347284
-2.06069
-0.736898
-0.124209
0.2611
0.507295
-0.691824
-0.83531
-1.40799
-0.698864
-0.917447
1.13206
0.639613
-0.898098
0.754407
0.433019
-0.151765
-0.950639
-0.0885807
-0.388819
0.343906
1.0227
-1.19356
0.652089
-0.838039
0.331339
-0.336515
1.03035
0.0803553
0.479297
-0.406078
-0.221391
-0.308831
-0.0628729
0.172873
-0.583691
0.802705
0.519615
-0.0316961
-0.22298
0.423261
0.878645
0.834087
0.0216072
0.294133
1.07096
2.27237
-0.441507
-1.0009
-0.324842
0.0760572
0.29932
-0.349553
0.00861426
-0.248951
1.09369
0.348046
0.53032
0.276815
1.34277
-0.0700006
0.553211
1.13489
-0.336644
0.224718
3.16582
-0.662541
0.991341
0.459503
-0.0170237
0.0608854
1.06385
1.07235
-1.82915
-0.496078
-0.527448
0.394961
0.343214
0.249094
-0.989407
-0.0499224
-0.962092
2.21029
-0.638607
-0.0939819
-1.96491
-0.147229
-0.250256
0.498234
-1.8038
-1.242
0.320475
-0.266901
-0.0215803
-0.080116
-0.185197
-0.140337
-0.0853089
0.320098
0.430038
-0.519054
0.0224104
0.384194
-0.117869
-0.424274
-0.0569679
-1.40526
-1.14705
0.654653
0.459811
2.37044
0.33945
0.36593
0.113271
0.484608
0.413034
3.49226
-0.357511
-0.297457
-1.46588
1.60834
1.23533
-0.117268
-1.72976
-1.78278
0.522752
-0.885737
0.969721
0.456799
-0.850467
-0.706179
-1.18588
-0.80333
1.60116
-1.20291
0.271472
-1.01508
-0.235357
0.672182
0.57239
-0.713748
-2.54614
0.617725
-0.204056
2.24706
0.355569
-0.580644
-0.63375
-0.0999564
-0.664887
0.251059
-1.02191
0.950282
-0.807651
0.0674563
-0.235263
-0.909863
-1.11219
-2.8062
0.542344
0.460319
2.82568
-0.991447
-0.0219609
-0.0285702
0.352005
-0.141792
1.6257
-0.132787
-0.66194
-0.180869
1.64747
1.38267
0.782417
1.15571
-2.2195
-0.0182195
0.265101
0.298018
0.82273
-0.447954
0.886304
0.360126
-0.637785
1.45424
-0.463004
0.113807
0.167966
-0.00226408
-1.07079
0.0956321
-1.39244
-0.0639339
0.751091
0.590082
-0.142197
0.298633
-0.00565685
-0.781736
1.06907
-1.03859
0.0754654
0.918355
-0.477938
-0.83916
-1.57908
-0.0309011
-1.09928
-0.949956
0.967178
0.596301
-0.105784
0.792699
0.551708
-0.372297
0.00848628
1.85845
-0.941439
-0.907317
-0.863163
-0.835922
1.07105
-0.249536
0.0873617
0.404059
-1.19381
1.71411
-0.520005
0.804242
-0.26066
-0.594809
-0.589527
-0.770933
1.5514
0.693469
-2.04277
0.533841
0.157494
-1.00886
-0.637261
-0.355642
-0.727344
-0.517348
-0.294063
0.788934
0.255974
0.264748
1.0694
0.0356926
0.351668
2.63066
0.863843
-3.08374
0.970981
-0.750818
-0.346906
-0.857714
-0.506842
0.614726
-0.0109098
0.721183
-0.938231
0.301453
0.471405
0.4125
0.640268
-0.7497
1.66997
-0.33999
-0.221707
1.07173
0.618001
-0.47966
0.788293
0.269416
-0.72068
-1.04017
1.5232
-0.686819
0.841052
0.126328
-1.48092
0.522807
0.58699
0.681204
-1.00945
-0.0802896
-0.906307
-0.0555451
0.599261
0.795846
0.0852716
-0.00373948
0.964401
0.144919
0.293741
-0.542571
0.744996
-0.990833
-0.249053
-1.0547
1.81737
-0.296024
-2.21207
-0.337984
0.641741
-0.59846
0.638654
-0.404536
0.713462
0.309203
-0.987685
-0.555773
0.292129
0.377134
0.577501
-0.144014
-0.913991
0.834181
-0.773262
1.52553
0.461953
0.295137
0.295338
0.780192
0.418812
0.547723
-1.04698
0.221971
0.478927
-0.722665
1.18757
-1.16707
-0.922338
0.461078
-0.282148
0.747481
0.679454
1.1414
-1.00108
0.14085
-1.2532
0.522978
1.12712
-0.442759
-0.625966
-0.468123
0.649623
1.37788
0.0684191
-0.403201
0.711635
0.0573051
0.423182
-0.323903
-0.229036
-0.129547
0.0901844
-0.821831
-0.111689
-0.826109
-1.33875
-0.800255
0.767754
-0.0829889
1.54636
-0.232088
0.126453
-0.868747
1.36447
0.713532
1.25971
0.377922
-0.419946
0.196551
-0.804636
-0.0394787
-0.703013
-0.582968
-1.67067
0.874691
0.755631
2.64875
0.282064
0.275443
-0.736866
-0.0498605
-0.413267
-0.358562
-0.691069
0.635676
-0.577472
-0.716436
0.649091
0.568456
-0.460179
-1.49839
0.121433
0.787392
1.44814
-0.242496
0.558053
0.874706
0.159007
-0.655096
-1.35299
0.988196
0.0565916
-1.10898
-0.679938
-1.06221
0.347891
-0.625434
-1.52784
-0.767754
-0.461228
-1.00191
1.06246
-0.846982
-0.574648
-0.322437
-0.438505
1.5989
0.534438
-0.278288
0.848434
0.252862
-0.529125
-0.018694
-1.00344
0.431276
0.0967132
0.744712
-0.0832861
0.647342
0.246382
0.963949
0.265421
0.872726
0.79112
1.32085
0.342697
-0.834033
0.239892
-0.162891
-0.745378
-1.4132
-1.22364
-0.0904263
0.803983
-1.19794
-0.7137
-0.526286
0.890969
2.20779
0.540325
1.05248
0.102269
0.499501
0.785724
0.246287
-0.562466
-0.430306
-1.89701
-0.706004
-0.938231
-0.240757
1.24253
-0.482841
-0.576589
-0.16214
0.00125884
0.473099
-1.04091
-1.27613
0.203121
0.44879
1.12998
-0.604469
1.32786
-0.415061
-1.85737
-0.637135
0.708058
-1.4297
0.162828
-0.310346
0.0614631
0.863075
0.709883
2.06268
0.643734
-0.747616
-1.21417
-0.0154325
1.01967
1.10721
-0.775995
0.442642
0.644826
-0.148936
-0.52785
0.43131
-0.108455
-0.386375
2.08683
0.930091
0.385223
0.163977
-0.427102
-0.491142
0.294303
0.73802
0.185198
-0.353173
-0.722974
-0.0431226
0.421392
1.67367
0.111619
1.02192
-0.356658
1.1703
-0.588792
-0.137209
-0.295041
-0.330274
-0.0681086
-0.323087
0.24711
-0.674922
-0.992412
-1.38387
-0.561449
0.875485
1.3678
0.557501
0.309525
0.516422
-1.55354
0.505225
0.433876
-0.141875
0.810701
0.118179
1.04608
0.276707
-1.48358
2.20231
-0.739888
0.0811487
0.24885
1.33844
0.622645
0.2783
0.525142
0.333907
0.716898
-1.01168
-0.678857
0.64983
0.393364
2.93951
-0.691622
-0.410491
1.40036
-1.58012
-0.5103
1.0048
2.0871
-0.119021
-0.806801
-0.185696
4.42702
0.655956
-2.31769
-1.64633
-0.528136
-1.44525
0.136538
0.376102
-1.28959
-0.987573
-0.366559
0.573717
0.304224
-4.26335
-0.490842
-0.697862
-0.348102
-1.19611
-0.679316
2.90204
-0.88287
0.0100007
-0.261152
-1.79909
-0.92375
-0.408691
-1.86077
0.812416
0.135167
0.753039
-3.49311
0.887478
1.01985
0.488618
0.0559573
0.157984
0.703046
-0.614719
1.04382
-0.485688
-1.36467
-0.831303
-0.111725
-1.24883
1.59721
-0.455061
0.847203
0.967512
0.0862147
-0.567746
-0.808531
1.20586
-0.379002
-0.0516916
-0.342017
0.794725
-1.10247
0.638726
0.460533
0.949795
-0.234356
0.690118
-0.435286
-0.203963
-2.89278
-1.3253
-0.553151
-0.745407
-2.77482
0.363659
5.98025
-0.755989
0.821742
-1.87177
-2.70311
0.828114
1.07858
-1.3813
-0.952247
0.49382
0.826039
-1.87423
0.0711888
0.218678
-0.266304
-0.34812
-0.769011
3.42793
-0.249306
-0.0252393
0.286915
-3.35651
0.1998
-0.41094
-0.62416
-0.801612
-0.661977
-0.470403
0.515891
0.998338
0.580451
-0.692179
0.151467
-0.956229
0.0884342
-0.779761
-0.086774
0.721023
0.970537
0.973991
0.534892
0.218885
0.0737164
0.317057
0.841317
1.63878
-0.83683
-0.961408
0.390293
-2.15909
0.241249
1.19213
0.341966
0.0733517
-1.07444
-0.534366
0.208514
0.760448
0.690926
-2.52961
-0.789483
-0.0321209
0.395519
-0.328052
0.698693
0.915997
-0.673324
-0.685708
0.319167
0.0513242
0.88866
-0.719466
-0.735115
0.184658
0.601307
-0.218944
-1.3578
-0.325175
-0.15798
0.657506
0.583265
-0.154638
0.495788
0.259368
-0.859571
-2.00378
-0.0488708
-0.965011
-0.294876
0.332548
0.143824
-0.0943468
-0.269525
1.47132
-0.714347
-0.405445
2.01332
0.037464
1.04574
-0.304197
-0.940735
-0.00652254
-2.03408
-1.64955
-0.0222708
0.35286
-0.398954
0.975132
0.363015
1.68024
0.582857
-0.554674
-0.360016
1.25844
0.116147
-0.104911
0.835008
1.13141
-0.270774
-3.30368
0.373434
0.342152
-1.08582
-0.470486
0.336405
1.47146
0.630786
0.117402
-0.0499588
-0.758557
-1.34356
-0.862899
-0.289624
0.985713
-1.81377
-0.386636
-1.07583
-0.727752
-0.718569
-0.691552
-0.401089
-0.985631
-0.0571365
-0.974439
1.02217
0.927366
0.65167
-0.254591
0.515706
-0.560177
0.0794737
-1.21426
0.365244
-1.66024
0.488027
-0.547214
-0.812465
0.764482
0.553955
0.774858
0.831652
0.172068
-0.478072
-0.384897
0.913929
0.480225
0.116981
0.570314
-1.34333
0.808336
-2.12385
-1.00863
0.595287
-1.33814
-0.351501
-0.465324
0.659904
-0.141361
1.55093
-0.718558
0.974677
-1.51637
-1.03017
0.869001
0.12281
-0.243289
-0.620502
-1.03834
-0.0679405
0.334262
-0.0752917
1.25832
0.444838
-0.409524
-0.0644802
1.17393
-0.702017
0.968364
-0.535866
-0.807221
-0.833612
-0.324136
-1.35497
-0.623741
-1.03055
1.02954
0.203966
0.234739
0.0108338
0.213106
0.523266
1.11594
1.64854
0.68865
-0.448269
-1.35347
-0.968018
0.823125
-0.408511
0.634925
-0.301531
0.163941
0.0449985
-0.239919
0.106507
1.30185
-0.406893
-0.426667
0.339496
0.874477
-0.0343333
0.112343
1.4272
0.318528
0.540005
0.214777
1.93928
0.103175
-1.96446
-0.613317
-0.670427
1.56503
1.107
0.06355
-0.0961101
0.50045
-0.62887
-0.899716
0.848098
-1.51844
-0.183166
-0.732819
0.649505
1.08428
0.524606
-0.549241
0.00978305
0.532952
-0.611007
0.0598113
1.06564
-0.497664
0.41353
1.13478
0.418805
-0.517847
0.222666
-0.866207
0.461217
-0.933079
0.85523
-0.878745
-1.1631
0.215338
0.0703433
-0.216641
-0.22749
0.0794535
-0.881006
0.993826
-0.114666
-0.496628
0.690463
0.485269
-0.666197
1.01305
0.990268
0.666203
-0.480604
-1.9529
-0.379622
-0.302541
-0.20639
0.166443
1.40743
-0.0667607
-0.918649
0.256571
0.108799
-0.740484
0.0128918
0.844815
0.43778
0.0248212
-1.06976
0.791993
0.256568
-0.824345
0.856323
0.583218
1.53778
0.0887532
-1.0198
1.64766
0.27655
0.582568
-0.198688
1.27538
0.479621
-0.0846019
-0.200912
-0.274781
0.138563
-1.76322
-0.354402
0.184996
1.11914
3.74992
-0.640708
-1.20153
1.7988
-0.50001
-0.556444
-0.436033
1.32088
0.51195
-0.107851
-0.675932
1.67092
0.616645
-2.03233
-1.4008
0.856824
-0.706748
-1.52933
0.533015
-1.29085
0.198855
1.56403
-0.226234
-0.964566
-3.09137
0.991052
0.175314
-0.529495
-2.79292
0.021413
3.19427
0.128326
-0.381849
-1.15311
-0.456391
-1.139
0.449523
-1.54364
1.15388
-0.343181
0.271326
-2.50799
0.0167238
0.0566277
0.939058
-1.45283
-0.387485
0.965336
-0.237111
0.306212
-0.299526
0.62744
-1.44579
1.19383
-1.33362
1.66957
-0.776849
-0.727764
0.403643
0.918333
-0.0166981
-0.108093
1.29148
-0.267074
-2.55633
-1.46718
0.55414
-0.337957
0.555401
-0.0139468
0.451021
-1.36474
0.82565
0.261208
-0.119167
-1.89869
0.0216229
-0.901295
0.439258
-1.79426
-0.607011
3.45255
-0.284676
-0.0782895
-0.703573
-3.76359
-0.349136
0.402202
-0.848275
-2.09738
-0.658071
0.211372
-3.07824
-0.925618
-0.566137
0.310062
-1.31373
0.256025
2.73169
-1.71207
-9.24892e-05
0.285652
-3.09273
-0.613089
-0.679965
-1.45669
-1.17312
0.922239
-0.456423
1.33217
0.193146
0.627509
0.596183
-0.332909
0.373807
-2.42931
-0.631152
-1.17806
0.555619
1.12942
-0.936763
0.122299
0.0151924
1.92547
0.728263
0.38588
1.01074
-1.4771
0.403562
0.49579
-0.51961
0.0647222
-0.724297
-1.49168
-1.06643
-0.157085
-0.461215
-0.237053
0.19111
1.00722
0.556202
-0.407086
0.262996
1.12747
-1.44538
-0.141227
-0.357143
0.0741313
-0.756701
-0.191659
-0.314721
0.427408
0.312785
-0.331518
-0.129298
-0.709345
-0.816455
0.00844079
0.466903
1.00287
0.295773
-0.698062
0.677304
0.573387
-1.18873
-0.0478113
2.7278
-0.95539
0.736515
-0.382589
1.35712
-0.00517394
-1.0721
0.716308
-0.0731482
0.284646
-0.862613
1.03266
0.581959
-0.727543
0.588912
-1.17842
-0.57665
0.330863
0.410463
0.373803
0.706169
0.488557
0.717396
0.536581
0.753033
0.178701
0.462142
-0.656447
1.31842
-0.502008
-0.0996738
0.579546
-0.0787139
0.615048
0.898896
-1.37264
-0.327903
-0.127943
0.544936
-0.445136
0.472367
0.126771
-0.29918
0.166112
-0.228999
-0.842699
-1.06504
-0.80893
1.17327
-2.85504
-0.213541
2.0641
-0.12132
-0.182298
-0.340349
0.581141
-0.292456
-0.738125
0.632495
-1.25491
0.757927
-0.0648191
-0.426971
-0.866601
0.994138
0.600956
-1.09541
0.404633
0.25669
0.229357
0.73943
0.34411
-0.390539
-0.410242
0.122245
1.10262
-1.54853
-0.969787
0.0601511
-0.398133
0.69432
0.844604
0.568955
-1.5265
-0.832744
0.541601
0.102425
0.190285
-1.21507
0.18529
-0.578911
0.949334
0.762987
-2.37951
-0.991211
0.375429
0.502787
0.287906
0.511448
-0.43839
1.0831
0.229729
-0.00312875
1.04839
-0.810728
0.719043
1.09539
0.367786
0.918123
0.179965
-0.836466
0.797235
0.180568
-0.406757
-0.964936
0.248892
0.910868
1.24712
0.704436
-1.14929
0.994686
0.412738
0.265178
-0.694231
0.733559
0.659298
1.34546
1.16243
-0.371746
-0.736459
-0.664095
-0.709278
0.874491
0.956061
0.620307
-0.589458
0.237769
0.0209006
-0.425117
0.437686
0.909386
-0.130275
-0.325944
0.147246
1.2478
0.882138
0.537814
1.38147
-0.742794
0.153512
1.17557
1.17807
-0.359202
-1.92939
0.362334
0.641282
0.847594
0.538972
-0.235062
-0.665009
-0.227172
-1.24468
-0.0920743
-0.55134
-0.798343
0.457427
-0.496105
0.479935
0.314456
0.786574
0.705306
-0.0993912
-0.0175097
-0.337174
-0.800066
-0.402091
-0.345618
-0.354874
0.398742
-0.802301
-0.00210332
-1.5462
-0.287457
-0.364366
0.532306
1.30533
0.425244
0.601728
-0.412569
-0.647393
0.98149
-0.503891
0.656844
0.160486
0.946855
0.463585
0.830683
-0.0116652
-0.633834
0.583581
0.564343
-0.0771421
-0.0985978
-0.473658
-1.6005
-0.466996
0.733992
0.926665
1.8448
-0.0777108
-0.973537
-0.0542454
0.149156
0.534532
-0.297024
-0.722779
0.106672
0.487893
0.149801
-0.694255
0.341438
2.87115
0.182306
-0.393773
0.0919545
-1.18673
0.180622
-0.621544
0.448379
0.413866
0.629994
-0.103552
-1.01629
0.480223
0.964706
0.404399
-0.283175
-0.673743
1.46339
-0.186111
0.747313
-0.233667
1.09497
0.516474
-0.647198
0.180435
-0.53388
0.315165
0.784753
2.09334
1.11766
0.590726
0.060199
1.81325
0.745697
0.542215
-0.587427
-0.579705
-0.475113
2.68055
-0.604479
-0.422166
-0.43118
1.98849
0.636952
-0.429521
-0.280139
-0.261544
0.93504
-0.507681
1.9704
0.580003
-0.207523
0.307311
-0.313774
-0.344756
-2.92399
0.471042
1.21278
-0.570774
-0.742841
0.504074
0.47016
0.291892
0.881592
-0.237622
-0.829049
0.0468706
0.49811
-0.293182
-0.081244
-0.251604
-0.364368
-0.325258
-0.647238
0.661852
0.5203
1.07316
0.851741
0.351943
0.453406
1.56927
-0.845731
-0.362016
-0.368547
0.452548
0.16422
1.23462
-0.530438
-0.384661
-1.00812
0.126525
-0.370263
-0.314464
0.588686
0.0218818
0.389857
1.32316
0.242778
0.214836
-0.688465
1.97979
0.379632
-1.38445
-0.605311
0.0330766
-0.857013
-0.279579
0.369472
0.674986
1.07217
-0.906345
0.225196
0.703361
-0.0555359
1.18109
0.704885
-0.263918
-0.413422
-0.868345
0.945757
1.33024
0.179769
-0.591686
-0.97612
-0.215521
-0.214613
0.327518
0.42963
0.609119
0.215806
1.52202
1.00558
0.799654
-0.490188
-1.1535
-0.695066
-2.00642
0.24823
-0.772448
0.352235
0.219332
0.574547
0.287942
0.0335259
3.28862
-0.904599
0.622966
0.120968
0.437896
-0.589512
0.42585
-0.631803
-0.747506
0.585393
0.438707
0.548393
0.962591
-0.00723786
-0.524614
0.0290352
0.389474
0.375729
0.96411
0.962675
0.352016
-0.40647
-0.929761
0.26697
-0.193517
0.0942427
0.955429
0.712119
-0.557336
0.971935
0.314376
0.477888
-0.51639
0.798859
0.0722705
-0.163915
-0.291412
0.305602
-0.467114
-0.354983
-0.485711
-0.260083
-0.0399825
-1.00253
1.1645
-0.376326
-0.00569196
-0.772717
-0.0175539
0.397572
-0.607022
-0.175132
-0.608936
-0.204702
1.17924
1.17153
0.119411
0.682081
-0.09377
0.839423
1.47255
-0.245661
0.201404
0.460093
0.564481
0.370047
0.611139
0.304871
-1.27003
-0.206946
0.784724
1.12248
0.523663
-0.49524
0.304405
-0.337442
0.224553
2.63446
0.6349
-0.542309
0.626956
-0.467792
0.143437
-0.535609
-1.27969
-0.0411367
0.383038
0.136585
0.0150716
1.07266
1.06095
0.342237
-0.365555
0.0452548
-1.78898
0.901365
0.720785
-0.0760853
-1.50636
-1.22941
1.02785
0.464217
-1.82772
-0.738334
0.74692
0.260774
0.492431
-0.792809
-0.260008
-0.730909
-0.887321
-0.544277
-0.728015
-0.532855
0.778351
0.0826903
-0.435467
0.193841
-0.0273872
-0.707246
-0.210486
-0.333054
0.795816
0.218249
0.203814
0.874264
-0.00419722
-0.564354
0.141539
-0.115784
0.248832
0.793537
0.245677
0.181072
0.202599
0.026348
-1.43294
-0.160253
0.0242323
0.836733
0.253207
-0.958201
-0.606779
1.02606
-0.22609
-2.27997
0.889859
0.688948
-0.313473
-0.938123
-0.161281
1.00883
0.816591
-0.74268
0.721915
-0.0847464
1.28132
0.431422
-0.547055
-0.715668
1.80112
-0.776887
-2.57226
-0.33857
0.975062
-0.48216
0.923539
0.497569
0.747281
1.97774
1.04406
0.228248
-0.830109
-0.807862
-0.583264
0.370735
-0.496169
1.24488
0.437479
-0.967572
-0.230757
0.111129
0.916014
1.15447
0.844588
0.562669
0.901252
1.62449
0.383526
-0.411596
0.778985
-0.538298
0.928871
0.36574
-1.04798
-0.686682
1.5712
-1.02006
-0.10591
0.516468
-0.66213
-0.781432
-0.741344
-0.250552
-1.68311
0.697379
-0.0152959
-0.391472
-1.41198
-0.778199
-0.48573
-0.753259
-1.04262
2.00592
-0.816976
0.860085
-0.0679284
-2.56293
-0.244781
-0.21589
0.399381
-0.240212
0.830256
-0.0242939
0.0618078
-0.950459
0.224548
0.257505
-0.507426
0.858177
1.42658
-0.519623
-0.300035
0.658914
-0.69169
0.564182
0.573879
0.317079
-1.75733
-0.763665
-0.995228
0.550734
0.348586
-0.544351
0.446124
-1.97939
-0.354219
-0.622369
0.747502
0.873814
-0.368562
-0.106377
-0.481367
-0.342454
-1.28391
-0.379731
0.51207
0.64911
1.0799
-0.315225
-0.177193
0.0407452
-0.447059
-0.877289
1.42305
-0.435728
-0.352888
0.642114
-1.40743
0.928393
-0.552932
1.11575
-1.31105
-0.888607
0.215525
0.378192
-1.24864
-0.189999
-0.664304
-1.37729
-0.610609
0.510746
-0.186161
0.244133
1.33085
-0.661756
0.174337
0.377838
0.136206
-2.47353
0.578295
0.292701
0.902463
-0.496411
0.0607375
0.163019
0.875717
-1.00718
-2.81291
0.725591
-0.225497
-0.872968
-1.94591
0.584758
-0.856125
0.975197
0.287489
0.420759
-0.590189
1.16787
-1.14611
-0.450278
0.131801
0.585417
0.2201
0.328034
-0.204791
0.473617
0.47649
0.0502044
-0.304795
-0.733015
0.232379
-0.483932
0.585803
0.714163
0.616641
0.474315
-0.0277562
0.0582549
0.953823
-1.00242
-0.783658
-0.360803
-0.356914
0.668775
0.465828
-0.637511
0.559558
-1.00608
-0.280524
0.504135
0.0967466
0.274318
-1.02472
0.722266
0.180936
0.961321
0.468984
-2.37655
-0.799622
-0.591354
-0.181401
-2.70687
-0.420618
0.00924289
-0.492655
-1.20966
0.694327
-0.913123
-0.037726
-0.720972
0.396237
-0.431144
-0.0852595
-0.774402
-0.695662
-0.265279
-0.346691
-0.0116827
-0.815001
0.820069
0.0283398
0.00174397
-2.26132
0.991577
-0.659612
-0.142727
-0.411456
-0.668463
0.462595
1.11542
0.310673
-1.94974
0.225449
-0.438038
0.843278
-0.437423
0.41243
-0.561743
0.136126
-2.00447
-0.0972625
-0.383039
-0.298817
-1.20041
0.0345332
0.771845
1.30404
0.19905
-0.788096
0.709737
0.899876
-0.489758
-0.0548883
0.865054
0.236944
0.442887
0.260316
0.105258
-0.170256
-0.699539
0.278787
-0.667881
-0.323429
-1.04234
-0.316464
0.346091
0.221267
-0.869983
-0.0819871
-0.26495
-0.284182
0.607221
-0.572049
-0.626857
0.636647
-0.128956
-1.39645
0.272947
0.453852
-0.234601
-0.73779
-0.967649
-0.259006
0.689724
-0.158248
0.886809
0.862693
1.40866
-0.421168
-0.774403
0.0363161
0.820917
0.0981318
0.903027
-0.992583
0.221075
-0.0730444
1.01048
-0.413515
-0.799606
0.402177
0.358405
0.490789
-1.98548
-0.561325
-0.619513
0.0420895
-0.362013
-0.719779
-0.597638
1.00896
-1.42021
0.777699
0.563712
0.182049
-0.319228
0.819534
0.0691409
-0.136459
0.51512
-1.61508
-0.61527
0.323297
0.225129
-0.910528
-0.115635
0.551283
-0.268204
-1.32372
-0.0192025
0.900185
-0.50835
0.223197
1.15506
-0.0302544
0.606744
1.57861
-0.138028
-0.674459
-0.744932
1.0016
-0.202188
0.314005
-0.910953
-0.251889
-0.938233
1.04428
1.04887
0.141913
0.688511
-2.96502
0.235774
0.753024
-0.188895
-1.92365
-0.339776
0.786656
0.120077
-0.19333
0.735893
0.293472
0.568798
-0.0645453
0.807086
0.149071
-0.889543
-0.685458
-0.733777
0.053039
0.860897
-0.43508
-1.14342
-0.190373
-0.560093
-0.807323
-0.288372
0.816218
0.680481
-0.795307
0.26683
0.313491
-0.4226
-1.02343
-0.536717
0.204447
0.783676
0.699585
-0.557545
0.332098
0.49627
-0.568268
-1.99312
1.0378
0.345561
-0.376446
-0.479977
0.210428
-0.784856
1.02467
-0.318599
0.678856
-0.816761
0.742194
-0.5771
-0.241868
-0.722559
0.257639
0.803187
-0.332095
-0.205827
0.465316
-0.0248205
0.716791
-0.705949
0.230758
0.938539
0.204354
0.58491
-0.532954
-0.0975544
0.821832
0.422577
0.269781
0.70366
0.930723
0.233456
0.420905
-0.918577
0.184416
-0.75519
0.318309
-0.448091
0.326104
-0.051721
-0.136527
0.891157
0.883277
-0.179881
0.0570394
0.758666
-0.538575
0.577644
-1.52334
0.40324
0.0911587
-0.840616
-0.52356
-0.446371
-0.44511
-0.0829195
-0.15219
0.78707
-1.17064
-0.646714
-0.202708
0.96689
0.112729
-0.418851
-0.650042
-0.35814
-1.015
-0.751335
-0.802491
0.632428
-1.02211
0.553467
0.630317
0.0234733
0.0377951
0.949859
0.235091
-0.469255
0.479159
0.744486
0.366965
0.869958
0.514072
-0.537119
-0.487289
-0.225542
1.01091
-1.06022
0.229515
-0.859436
-1.34781
-0.680794
1.44884
-0.926199
0.937179
0.964493
-0.522193
-0.0832706
-0.365307
0.399814
-1.12333
-0.885067
0.423788
-0.00910348
0.691378
-0.626942
0.203869
1.10283
-0.067789
-2.18837
-1.46665
-0.842141
-0.250995
-1.05615
0.435524
1.25292
-1.34906
0.503685
-0.875057
0.55226
0.143411
0.239822
1.02299
-0.820243
-1.01419
-0.595254
1.32258
-0.122882
0.607893
0.69835
1.61999
0.262188
-0.0354538
-0.435159
-0.533072
0.318644
-0.817421
1.02003
0.284686
-0.461127
0.704639
-0.295521
0.601759
1.29693
-1.15989
-0.0554519
1.33626
1.52931
0.174074
-0.748604
-0.62848
-0.714429
-0.300638
0.346982
1.22698
0.743097
0.844274
-0.0289776
0.51973
0.565046
-0.505006
-0.94887
0.594578
-1.10335
-1.40478
-0.538267
-0.215536
-0.805936
0.252839
0.79577
0.446596
0.532444
-0.415011
0.641262
-0.854044
0.144028
0.918178
-0.0359761
-1.18425
-0.300553
1.04234
1.04564
-0.757651
-0.0543725
-1.18866
-0.753059
-0.60094
-0.0526147
1.14841
-0.407052
0.400922
-0.536479
-0.625612
-0.231673
0.664257
-1.15324
0.643777
1.68422
1.112
-0.182544
-1.08672
-0.647659
-0.133936
0.00503552
0.436453
0.522546
0.0924206
-0.197765
-0.721028
0.331461
-0.687038
-1.38625
-1.41706
0.313634
0.13752
-0.473431
0.0251819
0.809734
-0.70574
0.649405
0.325114
1.01615
-0.344786
-0.400573
0.772508
0.922824
0.457537
-0.573511
0.410587
-0.856491
0.753855
-0.170024
-0.134609
-0.192577
-0.108017
0.664153
-0.544583
-0.468673
-0.0683567
-0.643385
0.123592
-0.583411
0.186525
0.493339
0.691382
-0.743375
-0.313781
0.672493
1.55699
-0.0158327
0.42217
0.322752
0.394342
-0.504507
-0.741508
-0.900235
0.0589912
0.77976
-0.891563
-0.187696
0.142457
0.387753
0.289514
-0.826396
-0.0955442
0.137245
-1.26128
0.49358
-0.832997
-0.207814
-1.43342
-0.644093
0.336625
-0.487955
-0.152004
0.0858047
-0.913714
-0.132526
0.772279
0.981005
-0.623588
0.711475
-0.312623
-0.998147
0.470535
0.28265
0.516732
-1.5786
0.892148
-0.326345
0.454663
-0.679809
-0.564339
-0.50996
-0.982475
-0.253925
0.255808
-0.103624
-0.488387
1.22262
0.620558
-0.576242
0.315139
-0.364615
-1.42742
-0.556749
0.595155
1.61387
0.207664
0.493652
0.940515
-0.835984
0.767077
-0.49105
-1.11286
0.668833
-1.21126
-0.667467
0.521248
0.711656
0.940306
0.173263
-0.995422
0.949284
1.13492
-0.502702
-0.146568
-0.3308
-0.564106
0.157102
-0.986644
-1.50146
-0.710829
-0.052817
-0.799569
-0.724688
-0.643873
0.165024
-1.63172
-0.933592
0.818578
0.226212
0.0418083
0.110925
-0.999367
-1.34112
0.62266
0.349261
-1.09593
0.454661
0.732924
-0.0234386
-0.624877
0.607837
1.18588
-0.969912
-0.0265816
0.361188
1.22742
-0.900353
0.457269
0.199823
-1.13038
-0.556102
1.39164
-1.2237
0.064521
-0.176314
-0.196327
0.604353
-0.35003
0.345581
-0.136691
-0.284951
0.19073
2.10835
-0.0406652
0.856189
1.09087
-0.330404
-0.974694
0.443047
0.177147
-0.280898
0.37812
-0.400652
-0.253698
-0.78359
0.281996
-0.455383
-0.00778222
0.735401
0.699761
-0.963278
0.50226
-0.115381
-0.948686
0.0464212
2.10651
0.507389
-0.552746
-0.233302
0.166822
0.75913
-0.96213
0.575926
-0.595668
0.766533
-0.027463
-0.301512
1.00202
-0.0544624
0.714577
-1.57598
-0.164799
1.00838
-0.32345
0.319976
-1.37996
-1.50683
-0.182725
-0.676396
0.659352
0.210965
0.616504
-0.724282
0.665452
0.525064
-0.134856
0.919778
-0.594425
-0.483537
-0.747665
0.36369
-0.230088
1.33543
0.259828
0.13413
0.141272
0.690207
-0.19383
-0.415387
0.677012
1.29154
-1.15363
0.754443
-0.419366
0.217124
-0.724653
0.900746
0.416619
0.281691
0.77593
1.47996
0.314388
0.439643
0.426926
0.883302
-0.957396
-0.0738998
0.394367
0.898133
0.444197
0.0660208
0.353122
0.774038
-0.0460126
0.103263
0.741389
-0.532131
0.765296
0.348759
-0.0323205
-0.325433
0.249445
0.608814
1.67282
0.669434
-0.886316
-0.658025
-1.03056
-0.631681
-0.78709
1.85321
-0.335719
0.301524
-0.0296063
-0.494682
-1.15057
0.581374
0.436567
-0.0696364
0.0943327
-2.16605
0.172381
0.0184113
-0.132782
0.206846
-0.123966
-2.3413
-0.0972904
-0.108288
-0.13598
-0.0480041
0.0529272
-0.269022
-0.0315043
2.08609
0.28824
0.543809
1.50314
-0.0585562
0.0602063
-0.067889
-0.29016
-0.404659
1.58465
0.336505
-0.0846255
0.0498891
-0.00731313
0.15999
-0.409758
-0.261803
-2.33635
-0.136034
0.486435
-0.284799
0.476634
0.239817
-0.856595
-0.0240311
-1.1871
-0.540592
0.511808
0.219896
0.0502506
-0.127432
0.418714
-0.658776
-0.221433
-1.03272
-1.00438
0.220191
0.847334
-0.755022
0.674526
0.0941346
-1.28362
-0.994259
2.18268
-0.0960878
0.639436
0.579211
0.373345
-0.568673
-2.06284
0.907875
-0.736871
-0.888218
0.81695
2.14618
0.0862783
-0.090063
-0.115144
0.251053
-0.0364593
0.00568712
-0.128276
0.0623233
-0.0313044
0.0199159
0.0324969
1.05284
0.00980885
-2.33426
-0.329272
-0.692862
-0.952103
-0.579157
0.451082
-0.542684
-0.249495
-1.12705
-0.289574
0.140283
0.488034
1.16582
0.640215
0.611239
-0.177852
0.698351
0.88236
-0.112568
-0.853694
-2.20005
0.598758
-0.0184268
-0.0207192
2.87189
1.35139
0.00460153
0.289628
-0.0812559
0.550006
0.173046
0.059512
-2.47662
-0.401547
-0.269641
-0.113117
-0.921079
0.438782
0.00167129
0.145208
0.27241
-0.534361
0.289873
1.51669
-1.08173
-0.161298
0.507134
-0.543779
-0.0159017
0.472855
0.405443
-1.30912
-0.374668
0.215308
0.847883
-0.717182
-0.608812
0.588461
-0.0471558
-0.446114
-0.0822276
1.71427
-0.325505
0.037366
0.290228
-0.33247
-0.82603
-0.38374
-0.580928
-0.264207
0.113193
2.31057
-0.0887043
-0.160257
-0.14451
0.461077
-0.288076
1.51391
0.449529
-0.00514172
-0.39258
0.0186433
-0.116288
2.63238
0.20053
2.37935
0.275239
0.575549
1.73935
1.28991
-0.510792
0.510793
0.854732
-1.54847
0.149133
-0.877746
0.19619
0.325657
0.521976
-0.410338
-2.35895
-0.329944
4.99781
0.0157156
-0.619923
-2.17145
-0.0318687
0.243954
0.209895
-0.385964
0.308241
0.122174
-1.10558
-0.228528
0.163825
-0.0403098
0.07295
-1.02076
0.117359
-0.165095
0.258768
0.410688
2.02712
-0.135332
-0.316233
0.0341385
-0.0416657
-0.940045
0.0513916
0.0736452
0.188038
-0.0947024
-0.2874
0.360166
1.41866
0.195086
-1.2232
0.466183
-0.0800501
2.69467
-0.0821647
-0.500033
-0.188788
0.297364
-0.470585
0.135835
-0.268398
-0.0311053
-0.156087
-0.779065
-0.308165
2.22241
-0.122602
1.46418
-1.25775
-0.13889
1.80408
0.101425
0.244734
-0.562211
0.685043
0.0555322
2.10134
0.372588
-0.167659
-0.166577
-0.0227234
0.0828267
-0.292736
0.303128
0.391002
0.958294
-0.54796
-1.75807
-0.661996
-0.547612
-0.102206
1.61161
-0.841885
-0.798171
-0.178137
-0.406093
0.112194
0.0876248
0.119114
-0.104757
-0.178117
-0.127498
0.282083
-0.0788135
-0.173081
-0.23957
-0.19779
1.25785
-0.311987
-0.190416
0.620838
-0.535729
0.119599
0.0735004
0.694021
-2.36258
0.827079
0.820657
-0.267067
2.69323
-1.10551
-1.06417
-0.817072
0.0539309
0.0610968
0.0935495
-0.497238
-0.216542
-0.227131
-0.227165
0.807489
-0.31485
0.030874
0.0361407
-0.0630207
0.223433
-0.00119085
0.0431619
0.0132145
2.66589
-1.26659
-1.39292
-0.45262
0.0747124
0.0649468
0.0554661
-0.838801
1.64803
-0.331552
-0.52099
0.983642
-0.766781
0.156366
-0.0374574
1
0.0352941
0.309804
0.760784
0.00392157
0.294118
0.745098
0.0588235
0.290196
0.717647
0.0196078
0.290196
0.745098
0.0313726
0.27451
0.721569
0.0666667
0.321569
0.756863
0.0666667
0.317647
0.745098
0.0196078
0.298039
0.745098
0.435294
0.580392
0.854902
0.521569
0.65098
0.870588
0.278431
0.333333
0.45098
0.4
0.0941176
0.32549
0.509804
0.054902
0.290196
0.490196
0.0980392
0.333333
0.486275
0.121569
0.376471
0.0431373
0.298039
0.737255
0.690196
0.760784
0.909804
0.701961
0.752941
0.898039
0.372549
0.54902
0.545098
0.258824
0.298039
0.184314
0.717647
0.52549
0.560784
0.760784
0.494118
0.552941
0.705882
0.529412
0.588235
0.152941
0.403922
0.788235
0.270588
0.498039
0.835294
0.329412
0.52549
0.843137
0.188235
0.392157
0.45098
0.0627451
0.282353
0.121569
0.290196
0.294118
0.27451
0.396078
0.396078
0.372549
0.282353
0.309804
0.32549
0.0627451
0.368627
0.752941
0.117647
0.435294
0.823529
0.145098
0.439216
0.811765
0.141176
0.34902
0.556863
0.0392157
0.152941
0.301961
0.00392157
0.184314
0.380392
0
0.129412
0.278431
0
0.207843
0.45098
0
0.396078
0.815686
0.156863
0.486275
0.835294
0.380392
0.592157
0.843137
0.490196
0.643137
0.843137
0.2
0.513726
0.870588
0.113725
0.490196
0.858824
0.054902
0.470588
0.85098
0.337255
0.592157
0.878431
0.0745098
0.470588
0.835294
0.290196
0.560784
0.854902
0.231373
0.545098
0.835294
0.309804
0.552941
0.8
0.364706
0.6
0.866667
0.270588
0.564706
0.854902
0.207843
0.556863
0.854902
0.14902
0.541176
0.847059
0.054902
0.521569
0.85098
0.145098
0.533333
0.85098
0.109804
0.533333
0.835294
0.164706
0.545098
0.819608
0.266667
0.584314
0.862745
0.27451
0.588235
0.862745
0.341176
0.615686
0.870588
0.180392
0.576471
0.866667
0.152941
0.584314
0.870588
1
1
1
-0.994577
1
0.999575
0.999127
-1
1
-0.999998
1
1
0.0927764
0.831246
-0.921707
-1
-1
1
-0.999985
0.931759
0.112329
0.444857
0.876102
0.558748
-0.999588
0.999156
-0.216709
0.503094
0.811112
-0.770466
-1
-0.468507
0.962117
-0.816549
1
0.771099
-0.851746
-0.778
0
-0
-0
-0
-0
-0
-0
-0
-0
-0
0
0
0
-0
-0
-0
-0
-0
-0
-0
-0
-0
-0
0
-0
0.00634713
0.0186305
-0.0922455
0.0391808
-0.0296905
0.00736313
-0.0541229
0.0263455
0.048021
-0.0280668
-0.0662703
-0.0276222
-0.0253254
0.0190533
0.0611694
-0.0483175
-0.028658
0.0486526
0.000472961
-0.0358647
-0.0329201
0.0773723
0.0144419
-0.0225709
0.0178837
0.0799105
0.0743829
0.102499
0.164577
0.181606
0.143899
0.00418585
-0.0627164
-0.11114
0.0190384
-0.0467209
-0.098762
-0.00946809
0.0640079
-0.0143651
0.0405326
0.0518979
0.108333
0.0971859
0.0990702
-0.0279168
0.0793886
0.04575
0.0181569
-0.0284623
0.0469085
0.0135324
0.0476309
0.102518
0
-0
-0
-0
0
0
-0
0
0
-0
-0
-0
-0
-0
-0
-0
-0
-0
0.00615554
-0.0730002
0.00739367
-0.00250698
-0.0177364
0.0324665
-0
-0
-0
-0
0
0
-0
-0
-0
0
-0
0
0
0
0
0
-0
-0
0.0121661
-0.0256262
-0.0300795
-0.00865301
-0.0219205
0.0328059
-0.128894
0.0306054
-0.0584115
-0.0381041
0.037365
-0.023344
-0.213226
-0.0154497
-0.00393825
0.0113311
0.0523795
0.00227436
0.118581
0.0291702
0.0780858
0.048175
-0.0429816
-0.0885024
0.0164523
0.015377
0.113917
0.0246424
0.0540185
0.13471
-0.0186754
0.0199181
0.0153165
0.0783889
0.0931573
0.109192
-0.0169418
0.0258503
-0.00195103
0.0234211
0.0374812
0.0109739
0.0124845
0.0118917
-0.0565115
0.0133559
-0.0173466
-0.0219386
0
0
0
-0
0
0
-0
0
0
-0
0
0
0
0
0
-0
0
0
0
0
0
-0
0
-0
0
-0
-0
4.96865e-05
0
0
0
0
0
-0
0
0
3.69623e-06
-1.41248e-07
-0
1.06345e-06
-0.064853
0
5.37312e-06
-0.0339323
0.0633554
-0.0542425
0.125119
-0.054253
3.52033e-07
9.64341e-09
0.0394322
-0.00119756
0.00865031
0.05565
-0.00113483
-0.0131875
-0
-0.200981
0
1.41917e-05
-1.18412
1.1804
