3
192
32
3
-0.997497
0.0918752
-0.550756
0.649364
0.228934
-0.20005
-0.248337
0.265116
0.776511
0.528055
-0.66783
0.812349
0.277725
0.0858296
-0.344792
-1.37659
-0.982744
-0.251131
-0.616915
-0.441042
1.14461
-2.00853
-0.544073
-0.855792
-1.02659
-0.705561
-0.0657129
0.152735
0.0456559
0.202777
-1.05675
-0.217101
-0.152102
-0.295755
-0.859253
-0.0704299
0.568526
0.595592
0.0753962
-0.441588
1.18353
0.496562
0.387251
0.991667
-0.327002
-1.82997
-0.0688982
-0.624025
1.04072
-0.745593
0.381953
0.766334
0.97609
0.925485
-0.17313
0.00978554
-0.463924
-0.769842
0.522856
-1.0261
0.0760334
-0.699256
0.519383
-1.17054
-2.09983
0.828203
-0.448225
-0.411142
-0.0707579
0.383201
0.714893
0.410449
-0.00682029
-0.660209
0.541256
-1.06182
-0.0717943
0.850627
0.126353
-0.788768
0.214626
-0.0869937
0.483366
0.397451
0.226177
-0.175452
-0.681716
-0.636781
0.013272
0.603688
-0.0177196
0.748611
0.419107
-0.250839
-0.629153
0.44628
-0.0490191
-0.912663
0.397538
0.00961328
-0.635941
0.420628
-0.716438
0.849162
0.376265
-0.349205
0.0173826
-0.745493
-0.117372
0.312593
-0.830933
0.54763
0.640625
0.289331
-0.327896
-0.488673
0.740046
0.0336293
-0.708591
-0.00904949
0.65819
0.1414
-0.418364
0.125586
0.170635
0.359283
0.214391
0.0204015
-0.654439
-0.327725
0.568632
-0.950498
0.0340282
0.344739
-0.370521
-0.785958
0.845545
0.784927
0.111407
0.0917735
-0.0123729
-0.434795
0.734776
-0.314995
-0.513153
-0.459393
1.03666
-0.524713
0.296501
-0.111842
-0.529452
0.651036
0.660484
-0.706911
0.340775
0.772309
-0.991072
1.19772
0.126603
-0.512101
0.0426012
-0.419675
0.0927301
0.341263
0.331867
-0.604297
0.720572
-0.58049
-0.779561
0.513555
-0.386987
0.944986
-0.255722
-0.273858
-2.0148
0.497302
0.682117
0.146905
0.195734
0.649957
-0.535486
-0.608333
-1.13633
-0.797095
0.521383
0.647587
-0.877791
-0.702716
0.114641
-1.07284
-0.588657
-0.149359
0.261204
0.297441
0.183788
-1.30162
0.748445
-0.614287
0.392437
-0.361275
-0.122259
-0.534294
0.153092
0.068161
0.345403
-0.594694
0.121859
-0.198508
0.354059
0.760427
-0.307722
-0.331039
-0.357065
0.958822
0.105885
0.974842
-0.722596
0.16639
-0.956204
0.111366
0.840405
-0.87598
0.791953
-0.250891
-0.664799
0.0439838
-0.19825
-0.523082
0.0844127
0.606827
-0.139412
-0.0672933
0.175713
-0.296732
0.717105
0.529743
0.14792
0.47468
0.630922
-0.208071
-0.180133
0.574833
0.458536
0.473041
-0.519639
-0.524743
0.289979
0.438321
-0.147335
-0.230246
0.011627
-0.936339
0.190502
0.346051
0.240285
0.107581
0.753747
-0.639659
0.183756
0.725808
0.917522
-0.456696
0.438536
-0.895146
0.335551
0.965663
-0.657879
0.138439
-0.402721
-0.732363
-0.710834
1.20814
0.741471
0.437583
-0.601369
-0.156211
-0.97639
-0.853203
0.35332
0.728381
0.327103
-0.44139
-0.111667
-0.543818
-0.156428
-0.415944
-0.643017
-0.340748
0.170637
-0.226821
0.778996
0.505982
0.688873
0.443439
-1.08345
1.27109
-0.750041
-0.868526
0.60179
-0.357252
0.220327
0.859393
-0.892855
0.843431
0.640981
-0.254883
-0.853675
0.0240174
-0.445479
-0.0113514
0.835205
0.292314
0.39128
-0.595865
-0.242878
-0.169875
-0.133103
0.411938
-0.138276
-0.264392
0.40825
-0.140673
0.368276
-0.155324
-1.58909
0.411989
-0.812106
-0.247656
0.909836
-0.0489426
0.494675
-0.0217754
-0.251177
0.578713
-0.0474808
-0.314253
0.944432
0.439604
-0.608531
1.33209
-0.753608
0.844487
0.67726
0.219676
-0.840922
-0.626997
-1.04432
0.0536502
-0.663178
0.688332
0.617103
1.34328
0.502956
0.718717
-1.17115
-0.196597
0.484717
0.339855
-0.448405
-0.82596
-1.09636
0.207204
-0.271731
-0.361187
-0.268615
0.432748
0.605059
0.603907
-0.00618583
0.291081
0.823729
0.840152
0.410869
0.229794
-0.0702433
-0.585984
-0.734507
0.813467
-1.07382
-0.0443898
-0.121232
-0.319809
0.0230542
-0.591742
0.57532
-0.720505
0.634772
-0.961859
0.079817
0.649344
0.75325
0.640186
0.4277
-0.252066
-0.297291
0.736725
-0.543016
0.750247
-0.639241
-0.500116
0.0708597
0.948648
-0.8047
-0.754888
0.150761
0.665695
-0.909771
-0.491116
1.21456
-0.540761
-0.470049
-0.983981
1.04862
-0.987857
-0.829209
-0.941302
-0.433779
2.01397
-0.236269
-0.0958372
0.762563
1.18226
0.0959188
0.533534
0.494378
-0.273645
-0.896847
-0.885033
0.0467649
0.909604
-0.213312
-0.324267
0.180371
-0.618016
0.367342
0.911925
-0.07318
0.818
-0.782158
0.856652
0.567883
0.373565
0.15056
-0.630752
-0.806643
-0.356392
-1.14994
-0.0858856
-0.891489
0.21717
0.42804
-0.85368
0.63628
0.145405
1.11354
0.697526
0.0495995
0.454341
-0.646555
0.207155
0.536163
0.587784
-0.937864
0.728499
0.539693
0.413183
-0.774679
0.0263548
0.961004
-0.727983
-0.410469
-1.28336
0.926911
0.372549
-0.5838
0.837676
-0.182904
0.232316
-0.447735
-0.887649
-0.439749
-0.0175104
0.754125
-1.46863
0.853175
-0.0979747
-1.04006
1.25856
-0.60057
0.804216
0.593563
0.709632
-0.787879
0.0153059
-0.971595
0.501266
-0.752505
-0.198907
-0.376994
1.03302
-0.976324
-0.407086
-0.598641
-0.40239
-1.69029
0.145101
0.757924
1.10523
-0.61422
0.773938
0.135544
0.511518
0.73153
-0.00965261
0.79129
0.214543
-1.35827
0.238454
0.177584
-0.258791
1.59965
0.105488
-0.121625
0.151897
-0.523334
-0.394144
-0.0369926
-0.923341
0.590503
-0.621825
-1.3458
-0.210082
0.0723401
-1.02359
-0.555686
-0.64506
0.326429
0.297011
0.261294
0.818435
-0.430721
0.368992
-0.0976298
0.861762
0.646875
-0.740999
0.983439
0.585706
-0.347877
1.32639
-0.557344
0.818102
-0.06516
0.239079
0.360708
0.511284
-0.805673
-0.306462
-0.705129
-0.454958
0.851454
0.420393
0.446004
0.614876
-0.212575
-0.156553
0.682911
-0.292468
-0.137375
0.179754
-0.419857
0.525338
0.743234
0.220652
0.47342
-0.620583
-0.361637
-0.0711347
0.179256
0.909973
-0.417993
-0.0721036
-0.837779
0.930849
-0.562638
-0.206171
0.631006
-0.0169835
0.0825762
-0.759286
-0.836518
-1.04778
-1.12099
-0.254204
-0.38554
0.410011
-0.895614
-0.20893
-0.835477
0.243505
0.567939
-0.684915
0.488529
-0.153334
0.305092
0.26343
-0.583751
0.0870005
-0.682126
1.15825
0.0400599
0.890183
0.54528
-0.0943995
0.15713
0.208188
-0.226287
-0.17085
-1.04638
0.953894
-0.588473
-1.41993
-0.252521
0.572934
-0.754251
-0.322766
-0.000498816
-0.981689
-0.10174
0.00848715
0.221791
0.279857
-0.259622
-0.221654
0.690085
0.911102
0.933048
1.10926
-0.653301
0.0305969
0.72808
-0.073378
-0.460726
-0.144303
-1.04392
0.320677
-0.526637
-1.10562
0.229812
0.0606815
0.750761
0.973074
0.116804
0.519627
-0.107512
0.669722
0.950944
-0.0432363
-0.180633
-0.802673
0.586352
-0.0399534
0.191481
0.179406
0.0372307
0.550326
0.451047
-0.259278
-0.941488
-0.205097
-0.20377
-0.484277
0.448045
-0.26238
0.879712
-0.801724
0.875798
0.110371
0.884485
-0.812182
0.0126236
1.36504
0.740685
0.969015
-0.577893
1.06005
0.655362
0.580975
0.655525
0.885782
-0.0815042
-0.889101
0.257776
-0.470016
-0.442377
0.281913
0.577781
-0.766038
0.354895
0.092216
-0.930707
0.711464
0.719065
-0.712031
-0.398595
0.335831
-0.0585714
0.769749
-0.653351
0.755726
0.964069
-0.870389
0.111446
0.23858
-0.346126
-0.727212
-0.388783
0.471032
0.911638
0.138919
-0.779175
0.584433
-0.422355
-0.175073
-0.621305
-0.565587
0.942076
-0.40889
-0.325298
0.542811
-0.968329
-0.853924
-0.916431
-0.327726
0.328822
-0.268828
-0.0859177
-0.371686
-1.27808
0.0908588
0.546541
-0.539883
0.184
0.751769
0.152605
-0.149108
-0.943519
0.793726
-0.52593
-0.129123
0.785531
-0.286663
-0.935942
0.0928305
0.591428
0.749345
0.613698
1.25108
-0.357993
0.728752
0.327419
0.783376
0.658117
0.403043
0.738962
0.908926
0.890055
0.0967736
-0.729201
-0.715776
-0.607747
-0.0305099
-0.14827
-0.549837
-1.14235
0.575526
0.483828
-0.788994
-1.00333
-0.197792
0.258368
0.607189
-0.665792
-0.730152
-1.26115
-0.415704
-0.916525
1.02134
0.442449
-1.35396
1.61044
0.316719
-0.13657
-0.907529
-0.605934
-0.21489
0.181012
0.573343
-0.843375
0.603553
-0.609932
-0.959689
0.0829747
0.630894
-0.725446
-0.572753
-0.168004
0.438631
-0.0162802
0.00886483
0.302947
-0.998823
0.917059
-0.2539
-0.746744
-0.0354311
0.48664
0.599823
0.413888
0.124937
0.369979
1.05271
-0.454927
0.743025
0.176922
-0.419233
0.0839235
0.422557
-0.505611
0.0721676
0.00401462
0.774126
-0.130715
0.576318
0.486554
-0.0754966
0.206946
1.16922
0.99457
-0.657908
0.205398
1.07411
0.542164
0.870417
0.0112523
-0.0679738
-0.516871
-0.031532
0.902543
-0.676889
-0.128816
-0.641993
0.642735
0.998803
0.367943
-0.33017
0.0344681
-0.980038
0.112705
0.107744
-0.445841
-0.874802
0.892082
-0.769784
0.199442
-1.21941
-0.599918
0.25543
-0.391181
-0.627614
0.662229
-0.184232
-0.271706
-0.470088
0.851309
-0.242999
0.0172098
0.134661
0.783122
-0.770276
-1.00393
-0.321037
-0.1995
-0.4429
0.554588
0.441594
0.836735
0.461123
0.510328
0.717722
0.384428
0.474349
0.9615
-0.334138
-0.272913
-0.871299
0.882415
0.637237
-0.0397723
-0.668381
0.381922
0.409847
-1.23755
0.0919298
0.868539
-0.910172
-0.513442
-0.196073
-0.505545
0.206326
-0.734214
0.382356
-0.321636
0.640898
0.486888
0.930274
0.683138
-0.580555
0.347621
-0.128701
1.12988
0.601543
0.0923503
-0.762668
-0.223487
-0.634871
-0.66782
-0.606138
0.762234
-0.574879
-0.346276
-0.659771
-0.697498
-0.204124
-0.989237
0.0768436
0.950592
0.771492
-0.95413
0.193259
0.219461
0.981781
-0.0568612
-0.0667104
0.520778
0.257669
-0.165081
-0.794252
0.563882
0.939233
0.657564
-0.709411
-0.0338632
0.450541
0.775787
1.40236
-0.567101
0.819819
0.575329
-0.523389
0.108967
-0.961337
0.0534771
0.583635
0.205236
-0.90336
0.0827505
0.068511
0.392026
1.54822
0.590533
-0.410991
0.159311
0.15099
-0.878244
0.314462
-0.839619
0.558429
1.93171
-0.753867
-0.675683
-1.23749
-0.428162
-0.948115
-0.230241
0.310102
0.704621
0.850388
1.9806
0.212104
-0.409406
-0.0356689
1.25867
-0.840042
-0.911314
-0.588693
-0.709478
0.723526
-0.293426
-1.02867
0.571564
-1.38406
1.7473
-0.520748
0.87465
-0.167341
-0.607707
-0.536308
-0.525463
0.759947
0.69559
2.2804
0.584412
0.250948
-1.17673
-1.21361
-0.689569
-0.647328
-0.0891901
-0.557091
1.85388
1.39008
0.0129879
0.823359
0.0172626
0.442406
1.00558
1.02432
0.682053
0.666863
-0.24407
-0.216841
-1.14433
-0.874416
0.639333
1.06085
0.441435
-0.95528
0.236858
0.426144
0.164954
0.66044
-0.785304
0.469809
-0.71644
0.679979
0.847301
0.463462
-1.11515
0.53049
-0.34386
-0.922074
-0.52153
0.124705
-0.229147
0.737795
0.00338757
-0.499781
0.707351
0.815302
-0.598105
-0.99838
0.545689
-0.391765
0.156674
1.34587
0.511471
-0.668895
0.177371
0.983687
0.668514
0.213306
-0.648937
0.407105
-0.234573
-0.23525
-0.971123
1.75685
-0.175406
-0.742422
-0.677038
0.652073
-0.56614
0.712729
-0.794617
0.626257
1.81561
-0.173636
-0.657664
0.269509
0.145548
0.505867
-0.150766
-1.04442
0.742979
-0.692824
-0.428139
-0.32085
0.405354
-0.111367
0.485916
0.48733
0.580404
-0.114553
0.532904
0.169616
-0.863544
0.0600902
-0.951315
-1.14494
1.98315
-0.339685
0.842627
-0.274725
0.391925
-0.900201
-0.0889819
-0.918624
0.275307
1.92155
0.172787
0.293897
-0.468123
0.625107
0.167701
0.205674
-0.391527
0.588212
-0.102015
0.494408
-0.254158
-1.43278
-0.371836
0.047437
-0.70802
-0.231905
-1.06606
-0.689259
0.215144
0.504701
-0.10474
0.721178
-0.27247
-0.853964
-0.826788
0.9687
0.494858
-0.102544
0.34879
-0.823793
0.215035
0.0281689
0.0422982
-0.811213
-0.328197
-0.533921
0.887002
0.907126
0.928163
0.244488
0.121436
-0.860685
0.0343809
-0.349029
0.562956
-1.11204
0.36249
-1.17545
0.560031
0.764105
-0.0122044
-0.468965
-0.828568
0.152716
0.750703
-0.486792
-0.62633
0.64672
0.757176
-0.757491
-0.638346
-0.0470226
0.517917
0.0687862
-1.06438
0.932844
-1.86711
0.14072
-0.486129
-0.633313
-0.633188
-0.536025
-0.00469632
0.922271
-0.898593
-0.746668
-0.223038
-0.184681
-0.285222
-0.50318
-0.929292
0.849526
0.220122
-0.642911
-0.00219833
-0.486145
0.936073
0.092403
0.600017
0.105393
0.722196
0.23238
0.627513
-0.334544
0.899953
-0.783825
0.84221
0.316368
-0.944993
-0.39037
-0.1669
-0.648183
-0.959946
-0.996117
-0.0774803
0.574354
-0.6408
-1.01645
-0.805812
0.676047
0.727797
0.236982
0.656871
-0.450204
0.561187
0.692063
0.439119
-0.570603
-0.244835
-0.913813
-0.974359
-1.0849
-0.239624
0.621028
-0.153004
-0.893887
-0.368648
-0.708604
-0.183485
-0.73794
-0.80782
0.243543
-0.435704
0.500312
-0.682363
0.808105
-0.439316
-0.941322
-0.774568
0.657345
-0.527797
0.0910215
-0.266547
-0.646749
0.0675717
0.870009
0.600816
0.883487
-0.880353
-0.887312
0.143108
0.236319
0.828518
-0.848283
0.605057
-0.445166
0.0117071
0.127701
0.108709
-0.0743709
-0.411505
0.371302
0.859674
0.394419
0.0462133
-1.01152
-0.847574
-0.604114
0.225564
0.28995
-0.288244
-0.704377
-0.00711701
0.370317
0.785051
0.443619
0.0586963
-0.837521
-0.0280499
-0.793254
0.792268
-0.00384643
-0.571896
0.0689746
-0.143996
-0.286748
-0.294063
-0.889764
-1.79403
-0.359619
0.899076
0.342593
0.679873
0.29091
-0.0946192
-0.535926
0.490761
-1.19738
-0.226331
0.601816
-0.316874
-0.92257
-0.395318
-0.948832
0.38138
0.0784885
0.0725947
0.216934
0.169205
0.31973
0.0134384
0.624999
0.357352
0.734515
-0.855472
-0.446677
0.809179
-1.32208
-0.0910651
-1.04611
-0.0576487
0.360907
-0.635798
-0.486808
0.710641
0.00761202
0.23206
-0.905271
-0.289373
1.03294
0.922029
0.00893803
-0.545794
-0.420942
-0.882335
0.99073
-0.653817
-1.14665
-0.53483
-0.38968
0.627251
0.338469
-1.33121
-0.707584
-0.584317
-0.811885
0.119623
-0.759349
0.0302777
-0.468015
-0.550199
0.552189
-0.375965
-1.00099
0.371966
0.634604
0.779725
-0.181709
0.636073
-0.807047
0.394457
0.860566
0.233171
0.40915
0.209964
0.118686
-0.611499
0.988012
-0.403558
-0.913549
-0.834707
-0.407828
-0.168065
0.55172
-0.35665
0.0421605
-0.520573
0.457773
-0.711659
-0.896755
0.186364
-0.575656
-0.1273
-0.0441306
0.990298
-0.591907
0.588138
0.400221
1.13322
0.387499
-0.815678
-0.471665
-0.293425
-0.182856
-0.512861
-0.58686
-0.659722
-0.812314
0.344656
0.687613
0.331578
0.232707
-0.986165
-0.201002
0.263434
0.913339
-0.2301
0.241904
0.581
0.686837
0.876316
1.64483
0.207878
-0.425821
0.663491
-0.377993
-0.372947
0.400136
-0.357131
1.02282
-0.813778
0.106437
-0.916039
0.178656
-1.26067
-0.599939
-0.922665
-0.571898
0.820134
0.631441
-0.94759
-0.0231981
-0.887692
0.942092
-1.04745
0.131852
0.800244
0.208595
0.819534
0.040039
-0.152642
-0.268264
0.26679
0.628482
1.7281
-0.439172
-1.04151
0.385198
-0.421773
-0.246066
-0.131957
0.826402
0.273967
-0.760391
0.097185
-0.278108
-0.0133574
-0.217063
-0.954426
-1.13689
-0.29695
-0.428228
-0.303931
0.266551
0.720968
-0.376934
-0.571028
-0.0415728
-0.0608062
0.842216
-0.0280503
-0.185575
-0.0117433
-0.129955
-0.462568
0.645812
-0.428444
0.712585
0.898906
0.0581816
-0.0487731
0.422302
0.0734754
-0.805109
-0.792611
-0.609253
-1.40058
-0.106449
0.00792145
0.0803352
-1.14951
-0.862563
-0.225757
-0.734761
-0.428748
0.601787
-0.405376
1.00427
-0.558092
-0.753207
0.136972
-0.470232
-1.46803
0.413895
0.562993
-0.309597
0.983033
1.20083
0.88171
-0.109775
-0.538912
-0.401607
0.000616115
-0.666255
0.165508
0.360366
0.70116
-0.307965
0.026288
0.376657
0.527081
-0.801663
-0.684008
0.782001
0.668685
0.438234
-0.193348
0.157511
-0.543652
0.19228
-0.612741
-0.313761
0.861423
-0.545582
-0.378358
-1.11114
-0.0882121
-0.586944
0.128218
-0.532575
0.312534
-0.272421
-1.04424
-0.244261
0.91978
0.610151
-0.330067
1.30629
-0.928462
-0.0166399
-0.147266
0.576721
-1.20555
0.951481
-0.416535
-0.310846
0.854
0.548524
0.350462
0.593179
-0.815421
-0.420093
-0.0160903
0.916012
0.718925
0.0893792
0.343164
-0.486605
0.392965
0.250426
-0.739638
1.17842
-0.731444
-0.21925
-0.253919
0.0586911
-0.336651
-0.142748
-0.607296
0.716913
-0.664826
-1.20887
0.85281
-0.285515
0.576924
-2.00747
-0.725379
-0.10097
0.52514
0.268659
0.513898
0.609239
-0.385691
0.154632
0.537746
-0.0153106
0.953372
0.0767541
-0.573702
-0.839826
-0.588679
-0.539587
-0.69368
-0.68243
0.654271
0.235727
0.643939
-0.384999
0.186751
0.981353
0.861442
0.72777
0.621017
-0.186484
-0.956276
-0.83202
0.80898
-0.703336
1.51859
-0.867222
0.942506
-0.253615
-0.559886
0.309965
0.722267
-0.107587
-0.0599152
0.930372
0.453332
-0.07173
0.0556962
0.587534
0.507768
0.495748
0.0325681
0.478406
0.130233
-0.686194
-0.256955
-0.439633
0.847319
0.448455
0.653629
-0.440211
-0.650776
-0.0707096
-0.527573
0.995045
-0.501342
-0.131853
-0.560103
1.21884
0.0363174
0.569601
-0.49543
0.280464
0.577622
-0.343199
0.292556
0.733189
-0.18981
-0.0221255
0.91327
0.418805
-0.58851
0.826957
-0.904397
0.551775
-0.977776
-0.732207
-0.596836
0.212444
0.361242
0.0320419
-0.696787
-0.491489
-0.396023
-0.922227
0.207817
-0.566415
-0.530223
0.644428
0.00671641
-0.357673
1.34169
0.986119
-0.730117
-0.332689
0.811492
-0.0897826
-0.855838
-0.22953
0.125026
0.745575
0.221847
-0.909225
0.658437
0.120516
-0.866966
0.021026
0.974401
-0.0943711
-0.143814
-0.971796
0.917075
1.58361
-0.162698
0.893879
0.441148
-0.73326
0.236174
-0.649778
-0.650253
0.157935
0.616298
-0.227013
0.506379
0.924034
-0.76642
-0.228021
0.163512
0.57236
-0.22024
0.50574
0.244729
0.0600631
0.513413
0.225715
-1.05878
-0.781487
-0.932675
-0.643017
-0.483221
0.155777
0.186854
-0.112218
-1.57412
0.134713
0.600175
0.684923
-0.83094
0.870765
-0.369176
-0.667792
-0.08558
-1.00234
1.2787
0.0852748
-0.0613396
-1.11256
0.842024
0.114891
0.203697
-0.668949
-1.34692
0.134969
1.09469
0.16048
-0.412423
0.547595
0.926063
-0.840398
-0.200842
0.00838351
-0.0428471
-0.341294
0.603803
-0.663191
-0.437057
-0.33543
0.856087
-0.257934
-0.253495
0.0909475
-0.290598
0.17011
-0.14091
0.735831
-0.859232
0.452691
-0.685598
-0.439765
-0.834226
0.389525
0.105147
0.677921
-0.00606996
-0.123611
0.308419
-0.167839
0.18698
-0.707442
1.14641
-0.0415804
0.704716
0.0400708
0.942829
-0.380222
0.458559
0.378106
-0.302481
0.641176
0.164223
-0.834382
0.471118
-0.24799
0.0993646
0.0777149
0.603127
-0.234754
0.0322425
-0.68777
-0.782097
0.560842
-0.200737
-0.655809
0.134581
0.175933
-0.483117
-0.236777
-0.143676
0.252161
0.0989498
0.336188
0.392727
-0.0388883
-0.451891
0.804811
-0.358623
-0.358369
-0.6338
-0.252996
-0.277904
0.741543
-0.479483
-0.67393
0.290238
0.734214
0.0780774
-0.291078
0.0217431
-0.299781
0.525746
-1.01409
-0.114769
0.088532
-0.715223
0.455466
-0.470942
0.762876
0.987742
0.19585
-0.0591384
-1.14236
0.274027
0.0800248
-0.303315
0.115199
1.56909
-1.30217
-1.06229
0.0939054
0.533007
-0.339271
0.595359
0.769141
0.302247
-0.359573
-0.0376786
-0.114435
-1.77483
-0.367914
-0.645791
-0.103634
-0.648663
0.467761
0.281225
-0.0342971
0.572445
0.54821
0.128901
-0.661935
-0.867694
-0.127341
0.491296
0.963693
-0.051374
-0.669025
0.655542
0.321394
-0.350972
0.592232
1.66546
-0.319667
0.895993
-0.579897
-0.246258
0.167439
-0.434212
0.796257
-0.0232824
0.205584
-0.860065
-0.298402
0.522924
-0.600827
0.0519536
-0.572246
-0.369144
0.398972
0.944749
0.471019
0.818947
0.124469
0.566102
0.1424
0.520016
0.46146
0.291087
-1.32002
0.455946
-1.01433
-0.385108
0.319673
1.14079
0.0135095
0.756974
-0.872555
-0.197981
-0.0165944
-0.0136316
-0.0267439
0.541485
0.191911
-0.271614
0.211768
-1.13318
0.52741
-1.09971
-1.8751
1.01496
-0.727931
-0.0850466
-0.980742
-0.213379
-0.105471
-0.37791
-0.333277
-0.0847377
-0.513709
0.294731
0.649322
0.0963637
-0.129772
-0.228074
-0.716075
0.853705
1.19463
-0.631895
0.440458
0.206763
0.269037
0.512101
0.375741
-0.542574
-0.760732
0.107522
0.409958
0.24169
-2.22542
-0.0343154
-0.401441
-0.0730406
0.804191
0.618309
-0.359888
-0.970554
-0.449347
-0.040321
0.299404
-1.18689
0.270544
-0.829814
1.0293
0.359853
-1.55502
-1.05682
0.468713
0.837067
0.347975
1.0203
-0.397754
0.33654
0.225501
0.305264
0.0237675
-0.839715
1.18511
0.49926
0.335794
0.313661
0.18826
-1.13762
0.758331
0.0242937
-1.19243
-0.631294
0.309786
0.620129
0.788891
0.882357
-0.0763171
1.04826
0.295518
-0.714654
-0.639068
0.654369
0.303348
0.311217
0.615418
-0.30798
-1.15176
-0.469687
-0.325683
0.859397
0.710698
-0.500473
-0.563118
0.233072
-0.125187
-0.422059
0.834904
0.575759
-0.603768
-0.204545
-0.441779
0.316822
0.653061
0.448292
0.488368
-0.116047
0.0788487
1.04563
0.311423
-0.324643
-0.0425761
0.151202
0.263893
0.123662
0.359717
-0.553165
-1.34317
-0.889992
-0.866916
-0.460568
-0.5947
0.234358
0.243666
-0.444005
0.635182
0.268642
0.287234
-0.782155
-0.37014
-0.0281557
0.4814
-0.0622919
-0.67515
-1.0315
-0.0580998
0.53112
-0.813939
-0.072456
-0.664466
0.0365682
-0.0357826
0.705631
0.669608
0.58067
0.00604049
-1.24085
-0.546446
1.02658
-0.225552
-0.234983
0.387106
0.820243
0.367331
0.880492
-0.186044
-0.310179
0.468238
0.515427
-0.242641
-0.400714
-0.444721
0.0229327
-1.20654
0.675432
0.0659208
-0.104253
-0.999483
-0.878661
-0.372116
0.734613
0.553967
-0.242786
-0.750501
0.271326
0.683969
0.137252
-0.362289
0.329969
0.124955
-0.064752
-0.427419
0.744056
-0.341858
0.344898
-0.434031
0.297694
0.736408
1.04114
-0.60517
-0.83014
0.264809
0.983225
-0.180175
0.00613073
-0.445003
0.104271
-0.496265
0.236097
-0.390077
1.03992
0.639498
-0.236716
0.0429264
-0.184235
0.416667
0.665298
1.03171
-0.394891
0.53864
0.0250921
0.684276
1.37508
0.353672
-0.871809
-0.481172
-0.95176
0.709607
-0.823471
-0.759613
-0.283374
0.98757
0.251702
-0.522697
-0.355693
-0.50547
0.569671
-0.501587
1.01649
0.674865
-0.764451
-0.387906
-0.452281
-0.337801
-0.692483
0.473553
1.35184
-0.360325
-0.737067
0.335356
0.653278
0.234805
0.109965
-0.305252
-1.04687
-0.675728
0.561234
-0.890168
-0.354692
-0.825107
-0.641957
-0.281733
-0.589124
0.477984
0.341868
-0.515092
0.817668
0.320902
0.414158
0.407501
-0.8556
-0.0492257
-1.11195
0.553503
0.844313
0.186657
-0.580279
-0.0845935
-0.665592
0.503113
-0.603968
0.1874
-0.626383
-0.214147
0.463188
0.453072
0.386284
0.220904
-1.76297
0.99318
0.482976
-0.881873
-1.12053
0.0126705
-0.510718
0.881221
-0.00423193
1.29014
-0.0955498
0.522591
0.225196
0.690014
0.22575
0.997208
1.05342
-0.433891
-0.691769
-1.08678
0.964243
1.15477
0.146262
-0.689922
-0.542017
-0.31793
-0.149435
-0.475894
0.0640269
0.637216
0.202051
0.732888
0.0662409
0.632462
-0.574566
-0.504274
-0.622449
-0.710014
-0.405768
-0.705327
0.562826
0.626315
1.24798
-0.534551
-0.133723
0.897519
-0.871162
1.58177
-0.397725
0.316826
-0.604919
0.334396
-0.717975
-0.554677
0.31829
-0.141085
0.712702
0.985162
0.193991
-0.562192
-0.429641
-0.375931
0.72255
0.977213
0.881298
-0.110338
-1.54706
-0.919882
0.215233
0.750035
-0.399759
0.0974872
0.0377203
-0.430641
0.619662
0.172564
0.678562
-0.794014
0.935911
-0.890772
-0.2632
-0.310663
-0.328895
-1.11472
-0.341823
-0.307209
0.609382
1.65751
-0.815138
0.842451
-0.0538691
0.158971
-0.0206041
0.364863
0.137659
0.0563402
0.212532
-0.720034
-0.149287
1.74544
0.870248
0.138318
0.602099
0.609672
0.96313
0.885789
-0.496271
0.489335
0.458428
0.796303
0.691531
0.458357
0.363042
0.0777753
-0.205495
0.748337
0.782414
0.101118
-0.287894
0.25444
1.52109
0.364484
0.971184
0.289141
-0.43704
0.0962517
-0.594051
0.72045
-0.852809
-0.699816
0.353664
0.454328
0.895038
0.280274
1.01581
0.987276
0.153438
-0.0141824
0.187658
-0.840235
0.873422
0.897749
0.49926
-0.43874
-0.989319
0.874586
0.379563
-0.79895
-0.766216
0.575558
-0.177717
0.744277
-0.756403
-0.215151
-0.946293
-0.879646
-0.402332
-0.964844
-0.386802
0.189333
0.148059
-0.461506
-0.11554
-0.886066
0.620378
-0.342968
-0.372045
0.914328
0.171286
0.0469346
0.660319
0.208242
-0.394903
-0.177103
-0.75539
1.20432
0.355758
0.315653
0.515751
-0.0117403
0.0250582
-0.750458
-0.0706503
-0.134687
0.760946
0.826978
-1.09272
-0.840226
-0.808939
-0.177313
-0.338057
0.789702
0.581363
0.182724
0.11509
-0.169723
0.834275
-0.123093
0.178983
0.296574
-0.138827
0.393798
0.778207
-0.640767
-0.79637
0.192195
-0.702522
0.509839
-0.601203
0.857476
-0.959166
0.868355
0.387259
0.557689
0.533044
0.446248
0.253473
-0.53259
-0.848505
0.517513
0.432143
-0.4008
0.0725687
0.462743
-0.395347
0.0127684
-0.0248362
0.951811
0.887104
0.879211
0.851149
0.653663
0.98803
0.388902
-0.301678
1.80066
-0.134622
0.841829
0.25449
0.0705295
-0.490579
0.0934094
-0.902923
-0.353069
0.0183398
-0.49153
-0.967231
-0.69208
0.130778
-0.372621
1.48266
0.187032
-0.0130918
-1.00621
-0.501526
-0.677005
0.0962925
-1.04444
0.919534
-1.11621
0.730862
0.611531
-0.625682
-0.15379
0.0577648
0.969496
0.7757
0.901172
0.873522
0.223355
-0.709508
0.31583
0.337734
0.212314
0.179069
0.112905
-0.709769
-0.275019
0.560126
0.55887
0.336084
0.847754
0.610049
-1.21672
-0.679527
-0.974261
0.871873
0.102882
-1.60709
0.308957
-0.509833
-0.0336475
-0.194116
0.157422
0.959629
-0.637253
-0.0317311
-0.320803
-0.405114
-0.769446
-0.166416
0.117455
0.46247
0.536934
0.503129
-0.228701
-0.242407
0.802669
-0.830907
-0.431745
-0.651489
-1.30249
0.249142
-0.684147
0.8975
-0.337425
2.20532
0.103375
-0.768669
0.213736
-0.14465
-1.16269
-0.199213
-0.742086
-0.465607
-0.533727
-1.34124
-0.459082
0.203541
0.710696
0.697265
0.165872
0.868625
0.394878
-1.18553
0.584164
0.552129
-0.956938
-0.753425
0.566113
-0.0160326
-0.135053
-0.9588
0.325787
0.656988
-0.156433
-0.54117
-0.30954
0.620669
0.749888
0.858182
0.1989
0.493151
-0.560242
-0.779691
-0.911067
-0.566915
0.198233
0.190265
-0.372945
0.694073
0.060054
0.362893
0.942017
1.2618
-0.320394
-1.00501
0.339066
-0.625514
0.729782
0.575931
-0.494291
0.943565
-0.190939
0.103646
0.531724
-0.945183
2.22387
-0.0671779
-0.782084
-0.287421
0.377673
-1.70879
0.886112
-1.86188
-0.443253
0.923333
-0.610234
-0.30813
-0.836921
0.640581
-1.31615
-0.272122
0.617803
-0.884797
-1.09586
-1.12476
-0.156586
-0.875537
-0.603774
-0.180508
-0.435523
-0.560392
0.97203
-1.0502
-0.119757
-0.242464
0.474337
-0.277993
-0.248558
-0.854376
-0.268306
-0.230678
-0.517696
-0.135764
-0.921139
0.443369
1.31446
-0.220496
-0.378655
1.72664
-0.659722
0.097439
-0.425019
-0.438059
1.24933
0.86173
0.470282
-0.439893
0.520425
0.127831
-0.00730811
-0.508155
-0.556818
-0.564841
0.152004
-0.869204
-0.14335
-0.247994
-1.52223
-0.963643
0.103855
0.694222
0.223139
0.262455
-0.080626
0.208598
1.05959
-0.731396
0.913404
0.698331
0.254175
0.776684
1.1362
0.136054
0.0271045
-0.391204
1.1752
-0.254465
-0.375452
-0.830049
-0.420554
0.00757265
0.67539
-0.823625
0.00178029
-0.187203
-1.06597
0.918549
-0.65488
0.237121
0.577056
-0.856414
-0.559026
0.713553
0.515551
0.14315
-0.822063
-0.947432
-0.785809
0.0628948
-0.494424
0.197526
-0.929794
0.943272
0.26551
-0.274625
0.177895
0.89965
-0.510888
-0.0240618
-0.33125
0.337626
-0.0808644
0.369207
-0.595524
0.0834413
0.110493
0.323089
0.362179
-1.07402
-0.690873
-0.937761
-0.974496
0.444292
-0.321496
-0.614639
0.246071
-0.984072
0.56757
0.547104
0.697982
-0.292098
0.0304004
0.257396
-0.144492
1.9324
-0.521561
-0.999094
2.33645
-0.290162
0.420391
-0.621981
0.939106
-0.103739
-0.819155
0.0914604
1.13146
0.432743
0.845851
-0.521744
-0.72941
0.10699
0.788449
-0.211035
-0.657556
-0.69004
0.896524
-1.57666
0.37262
-0.967528
-0.336776
-1.45033
1.00452
0.940688
-0.00865614
0.74608
-0.678677
0.196395
0.730779
0.344472
-0.603598
2.51494
0.473498
0.350826
-0.870757
1.66921
0.185801
-0.0571172
0.336647
1.00156
0.828618
-0.180072
-0.596165
-0.562111
-0.0151162
0.569231
-0.0781143
-0.165201
0.215881
-0.925319
-1.36788
0.152817
0.816218
0.617606
-0.979981
0.59703
0.372966
-0.905223
-0.508696
-0.104865
0.108346
0.749029
0.667357
-0.77618
-0.419138
0.971234
-0.65348
-1.09751
1.16525
0.408493
-0.180377
-0.293214
0.562603
-0.785
1.19307
-0.204446
0.535325
0.68115
0.282124
-0.17781
0.26213
0.597583
0.402701
1.24485
0.0321152
-0.203284
0.431969
0.185521
0.504088
-0.378055
0.23905
0.822053
0.383057
0.648357
2.7343
-0.0170534
0.884923
0.208744
0.438165
0.888579
0.653471
0.390529
0.0356096
-0.866103
0.189618
-0.00505903
-0.238916
-0.546311
0.241423
-0.0503195
0.110113
0.735927
0.339544
-0.222855
-0.223105
0.472538
-0.347377
0.5523
-0.610645
-0.331468
0.0794796
-0.742954
-1.04153
-0.271791
-0.442357
0.222063
0.0329422
1.69887
0.542547
-0.023795
-0.00992885
0.493005
0.24921
-0.0691866
-0.344291
-0.718165
-0.55021
-0.83665
-0.678022
-0.0400811
-0.942352
0.64065
0.386451
0.249815
-0.114964
-0.717099
0.781996
-0.593135
0.407948
1.31649
0.64419
0.739433
0.0599628
-0.135132
-0.472913
-0.0918951
0.0219454
-0.835516
0.582224
-0.87947
-1.91713
-0.740062
0.0487303
-1.2831
0.958652
0.81624
-0.292677
-0.23669
-0.295177
0.687542
-0.844105
-0.777748
0.563932
-0.134879
0.80744
-0.923417
0.221112
0.682124
0.169723
-0.415587
-0.833157
-0.800727
-0.034297
-0.763076
0.907102
1.01155
-0.428027
0.703343
-0.803396
0.48356
-0.70944
0.806461
1.02776
-1.53397
-1.01109
-0.534772
-0.40782
0.422564
0.413919
-0.343237
0.481591
0.562469
-0.122201
-0.536364
0.192829
-0.78444
-0.42067
0.277108
0.773727
-0.111848
0.527411
0.220946
0.727251
0.256127
-1.33033
0.699561
0.714449
0.311014
0.427059
-0.621027
0.320141
0.0267906
-0.38515
0.287566
0.756979
0.979736
-0.592773
-0.234354
0.476519
-0.274182
-0.210873
-0.183777
0.546219
-0.87201
-0.800634
-0.297021
-0.604185
-0.265839
0.163423
1.12424
0.484584
-0.126054
0.141575
0.471688
-0.788015
0.75244
1.0785
-0.0495626
-0.210549
-0.483863
0.352702
0.981247
-0.838332
-0.264761
-0.71963
-0.662304
-0.592651
0.0498659
0.903976
-0.830714
0.44701
-0.787279
-0.562973
-0.136546
0.573465
-1.24324
0.613091
1.01688
0.164876
-0.325557
-0.75651
-0.148069
0.64741
0.0394073
0.186662
0.378674
-0.3367
0.318346
-0.536973
-0.699914
-0.267813
-0.979463
-0.833486
0.331645
0.437395
0.38491
0.239194
0.872408
-1.01013
0.538774
0.320562
1.01229
-1.2095
-0.598777
0.817346
0.256451
0.1857
-0.502001
0.414931
-0.639051
0.646328
-0.559511
-0.110172
0.00735111
-0.387008
0.923331
-0.14204
-0.635016
0.272276
-0.656997
0.443365
-0.452741
0.369284
0.491111
0.516817
0.0889852
-0.122227
0.671014
1.18834
-0.932188
0.439731
0.651799
0.371176
-0.341787
-0.64095
-1.69348
-0.129984
0.74983
-1.88036
-0.0369646
0.734873
0.189626
-1.23633
-0.445584
-0.0154855
0.669535
-0.566403
0.130479
-0.494193
-0.252464
-0.23799
-0.260366
0.140906
-0.730421
0.230246
0.239118
-0.93328
0.085329
0.836145
-0.0105289
-0.289463
0.572954
-0.249094
-0.705384
0.35697
0.279215
0.960984
-0.318315
1.97433
-0.269958
0.458843
-0.945884
-0.506081
-0.439752
-0.414283
0.279645
-0.48029
0.155596
-0.633322
0.935328
0.499808
-0.891727
0.769575
-0.411942
-0.354436
-0.65554
1.01509
1.09066
0.644882
1.11527
0.177033
-0.13352
0.80401
0.205874
-0.826886
0.662032
-0.38325
-0.203474
0.487816
0.75955
0.214149
1.74201
-0.900616
0.811068
-0.326809
-0.0459359
-0.167903
-0.395225
0.605936
0.0719885
-0.100804
-1.04285
-0.624177
0.747223
-0.482606
-0.749043
-1.11088
-0.232443
-0.829083
-0.648585
0.930203
-0.299465
0.601211
-0.774016
-0.963192
-0.531297
0.68191
0.275561
-0.789709
0.581504
0.454794
-0.858158
-0.224766
0.907635
1.03579
-0.271486
-0.226092
-0.22351
0.577574
-0.692845
0.355674
0.303184
-0.378241
-0.471406
0.521357
-0.711995
-0.0161571
0.580287
0.714982
0.44355
-0.474274
-0.157522
0.355986
-0.0426011
0.373727
0.688889
-0.442558
0.794141
0.962035
0.340127
-1.05235
0.178982
0.654292
-0.185618
0.395242
-0.318523
-0.103156
-2.54145
0.155724
-0.136872
-0.607202
0.854808
-0.351021
-0.510735
0.660459
0.0333729
-0.308679
0.0872611
0.899902
0.681105
-1.26857
-0.467704
-0.540372
0.348596
-0.834173
1.15543
-0.252846
0.8532
0.542795
-0.253298
0.852371
-0.114231
0.480628
-1.48546
-0.131161
0.434425
-0.380868
0.35589
-0.296898
-0.629349
-0.433269
-0.597554
0.947959
1.02067
0.612822
-0.729489
0.537896
0.956507
0.0019355
0.711152
-0.695992
-0.211999
-0.622982
0.470146
-0.310209
1.09844
0.707991
0.29394
0.325199
0.44646
0.321583
-0.797432
1.03247
0.971305
-0.853328
0.717399
-0.806129
-0.0330741
-0.641167
0.388523
0.34489
0.981057
0.720788
0.0536655
0.265072
0.818945
0.220255
0.848139
-1.00813
-0.518672
0.559925
0.683227
0.361408
0.481395
0.291098
-0.321491
-0.0874779
0.317319
1.04021
0.104115
0.61771
0.943612
-0.121814
0.127011
-0.48687
1.06706
0.597249
0.762139
-0.908502
-0.863484
-0.73406
-0.853256
-0.824396
0.957443
-0.732618
0.547017
-1.32156
-0.743155
-0.689682
-0.766543
0.752873
0.0648273
0.0633062
-0.219437
0.438373
-0.20608
-0.45561
0.526239
-0.513588
-1.21405
0.593449
-0.457525
-0.418856
-0.38094
-0.581643
0.401816
-0.700535
0.865162
1.65633
0.586198
-0.687674
-0.541586
-0.520652
-0.752852
0.165778
-0.367998
0.764975
1.70726
0.537619
-0.186179
-0.280902
-0.927816
-0.295238
0.620217
-0.34504
0.475967
0.55112
-0.607378
0.955088
0.362331
-0.789396
-0.607253
-0.689572
-0.343576
-0.027209
0.115593
-0.00598149
-0.280958
0.192156
-0.176968
-0.785245
-0.633619
-0.885008
0.220191
0.0977059
-1.01409
0.58037
0.150674
-0.710959
-0.944175
1.70923
-0.522799
0.0509485
1.08421
0.791289
-2.2301
-0.793153
0.416696
-0.523199
-0.725989
0.215945
0.6394
-0.0212799
-0.0753513
-1.10409
0.71442
0.736944
-0.550903
0.0898003
0.0245168
0.376177
-0.538522
-0.281699
-0.585684
0.533965
-0.660596
-0.236854
-0.675317
0.385276
-0.897599
0.471935
-0.419714
-0.650561
-1.76032
0.538681
0.0358967
0.461963
1.4307
-1.2839
0.710233
-0.725216
1.03088
0.456922
-0.10121
-0.822197
-0.930288
0.176328
-2.94798
0.299938
1.03745
-0.313602
0.477019
0.536278
-1.58495
0.250282
-0.974412
-0.651378
-0.710153
-0.808362
-0.298379
0.635345
-1.78278
0.775409
-0.767884
-0.893101
-0.182104
-1.37232
-0.410025
0.951734
-0.911113
0.113408
-0.033893
0.268718
0.993499
0.702277
1.59659
0.834867
-0.00188261
0.293957
-0.293256
-1.02541
-0.124506
0.589307
0.523544
-0.610931
-0.773304
0.409284
-0.520408
0.13718
-0.0289639
-1.15592
-0.0791568
-0.746269
-0.408629
-1.77692
0.121898
0.378223
0.149565
-0.83882
-0.841192
-0.317066
-0.575593
0.859974
0.20485
-0.72734
-0.527517
1.24334
-0.894493
1.44169
0.167607
-0.139727
-0.686699
0.638231
-0.750485
1.23503
0.753309
0.566632
-0.468963
-0.427418
-0.707896
-0.891741
0.257741
0.224118
-0.193264
-0.423978
-0.473617
0.0381225
1.31436
0.480872
-0.693306
-0.932066
-0.391111
-0.416403
0.214727
-0.909546
-0.233693
0.46138
-1.11194
-0.300536
-0.358528
0.646091
0.512314
0.331261
0.679747
0.777059
-0.374714
-1.17033
-0.0284131
-0.166772
-0.502973
0.366427
0.114511
-0.671745
-0.211853
-0.298866
-0.719648
0.866242
-0.877814
0.855342
0.187131
1.03014
-0.954344
0.0919308
-0.0552292
0.151841
-0.436922
0.57759
0.3648
1.00037
-0.786946
2.4361
0.194691
-0.285349
-1.3178
0.0100306
-0.159598
0.68633
0.662053
0.0577953
0.573995
0.289427
0.878409
-0.458371
-0.012753
0.48304
0.0294244
-1.12918
-0.271777
0.989127
-1.26763
-0.347735
-0.711966
-0.344689
0.414016
-0.73375
-0.129678
0.577605
-0.518763
-0.321564
0.414063
0.278829
-0.0985053
0.358933
2.25507
0.0155121
-0.271776
-0.337721
1.25845
0.0462501
0.146499
-0.542404
-0.351712
1.80565
0.618863
-0.439249
0.205992
0.136247
-0.328587
0.396805
-0.567764
0.675007
1.03948
-0.396044
0.582131
-0.0844447
0.658244
-0.899889
1.01028
0.503798
-0.0850393
0.898888
-0.590815
0.722591
-1.47956
-0.259777
-0.576884
-0.950304
-0.455037
-0.533841
-0.436278
0.681789
0.751545
1.01715
-0.116579
-0.205475
-0.113656
-0.0914886
0.133739
-0.77079
-0.0474719
0.844707
0.415984
-0.404457
-0.433944
-0.622675
1.84253
0.977058
-0.838801
0.637582
0.590577
-0.260052
0.929303
1.15822
0.865087
1.22438
0.822156
0.620629
-0.478924
-0.600613
0.0659524
-0.123285
-0.797733
0.13759
-1.54987
-0.545437
0.624952
-0.0642637
-0.822433
-1.64027
0.296378
0.282906
0.568979
-1.66421
0.438156
-0.974286
0.10583
-0.0848248
1.05493
2.31128
0.883975
0.696341
-0.628025
1.08095
-0.725778
0.0244698
-0.648086
0.507531
0.750433
0.571915
0.523216
0.578688
-0.063731
0.342966
0.243971
0.117078
0.0988262
-0.894609
-0.924876
0.372615
0.449276
0.746897
-0.521009
-1.02215
0.842205
-1.09867
-1.41701
0.202721
-1.09031
-0.909073
0.116501
-0.0487402
2.43477
0.533901
-0.0638142
0.0256381
-0.173021
0.833802
0.893322
0.827364
-0.666946
-0.477532
-0.677109
0.35436
0.764799
0.256064
-0.409725
-0.117299
0.143054
0.588419
-0.245355
0.405899
0.515257
-0.317698
0.14406
1.5754
1.13113
0.50002
-0.348937
0.0354883
0.393694
1.01049
-0.237185
0.652059
0.689585
0.438068
0.319851
-0.445174
-0.469556
-0.250866
-0.601135
-0.903032
0.453329
-0.906996
1.00575
0.371253
-0.228043
-0.669768
-0.657376
0.420275
-0.308701
0.306948
0.0575979
0.57861
-0.242821
-0.311299
0.513914
0.231777
0.710928
-0.261347
-0.305672
0.446677
-0.0677815
-1.17935
-0.0121876
-0.355622
-0.979866
0.464615
0.78273
0.734482
0.240761
0.709004
-0.676166
-0.331838
-0.661673
0.928979
-0.91733
-0.00575488
-0.897892
-0.124579
0.344959
0.601956
-0.227322
-0.804024
-0.426483
-0.464429
-0.0777261
0.236993
0.572986
-0.742667
-0.502774
1.25477
-0.0665383
-0.102142
-0.216917
0.788462
-0.665592
0.776663
0.866608
-0.366293
-0.599529
1.33417
-0.768064
-0.89581
-0.515535
0.176397
-0.296303
0.316583
-0.427051
-0.820459
0.165867
0.904148
1.73237
-0.203454
-1.19389
0.418507
0.120357
0.55544
-0.746731
1.37423
-0.213134
-0.611926
-0.892558
-0.400084
2.90312
-0.446167
0.52186
-0.61167
0.00829172
0.744566
0.354268
0.747273
0.31794
0.423624
-1.21059
-0.561431
0.209021
-0.451359
-0.153938
-0.936192
1.00401
0.419819
0.438378
0.331851
0.52783
2.10111
0.0335926
0.169613
0.306506
-0.149296
0.642934
-0.0185582
-0.0601065
0.817646
0.366336
0.553901
0.367815
0.821398
-0.627335
0.790655
0.255645
0.705436
-0.783072
-0.509998
0.366182
-0.895649
-0.331733
0.586794
-0.227757
-0.116123
-0.0450174
-0.537366
-0.890639
-0.858219
1.1433
-0.404986
-0.68396
0.605809
2.37626
0.0013115
-0.635282
-0.404274
0.152031
0.218534
0.930897
0.964353
-0.929877
0.696574
-0.89821
-0.63546
1.08763
0.643446
-0.326164
0.553354
-0.533608
0.537267
0.655442
-0.572243
0.738793
0.239799
0.568912
-0.0437931
-0.935789
-0.974078
0.445893
-0.988587
-0.250094
0.386953
-0.111032
-0.251648
0.703376
0.85091
0.185785
0.627439
-0.307048
0.667292
0.688906
-0.0363939
1.09275
-0.398738
1.024
0.0978348
0.257095
0.4853
-0.0173034
-0.79638
-0.780314
0.0513659
0.81384
0.479904
0.315661
-0.857019
0.163035
0.093107
-0.571483
-0.0489822
-0.533679
1.12
0.793308
-0.0596653
-0.268648
0.498917
-0.924982
-0.827107
-0.603313
1.07764
-0.323486
-0.304794
0.401699
-0.665738
0.472508
0.682527
-0.865649
-0.838349
-0.179689
0.18244
0.647615
-1.06916
0.943714
-0.696941
-0.685702
0.749629
0.246127
0.903972
-0.516884
-0.874896
-0.737736
-0.234011
0.947142
-0.500368
0.804699
0.295563
0.248415
0.904042
-0.384541
0.62051
-0.830551
0.566711
-0.000787857
-0.921835
-0.636796
-0.275408
-0.630121
0.820865
0.419313
-0.876332
0.120753
-0.775149
-0.03547
-0.655895
-0.33517
-0.103154
-0.13011
-0.583329
-0.654084
0.797058
-0.653843
-0.313213
-0.736714
-0.856898
-0.655684
0.714042
0.058329
-0.858491
0.563047
-0.330837
0.4607
0.712493
0.0357963
0.458706
-2.05502
-0.368009
-0.724759
-1.13807
-0.580512
0.208031
0.816226
-0.36911
0.529441
0.0479767
-0.715618
-0.161303
0.870591
-1.24572
0.553705
-0.0295461
-1.17167
-0.00564531
0.748475
0.670754
0.964569
-0.166475
0.145172
0.213934
0.0888394
0.223603
-0.368611
0.354889
-0.681548
-0.410878
0.123604
-0.654343
-0.445915
0.208076
0.189093
-0.836926
0.892985
0.760437
-0.518356
0.204975
0.962747
1.42821
-0.941132
-0.229637
0.631179
-0.376963
-0.191899
0.201047
0.931717
-0.083004
0.30752
0.995628
0.682103
0.157065
0.615737
-1.46128
-0.17844
-0.480575
0.908017
0.968269
-0.486784
-0.266809
-0.557051
-0.176271
0.724115
-0.408961
-0.227529
0.335741
-0.187668
-0.853782
0.991062
0.962214
-0.586494
0.932547
1.07908
0.523203
-0.493208
-0.517564
0.333309
-0.825295
-0.55854
0.938226
-0.29396
0.465936
0.417571
-0.159844
0.890463
0.233531
-0.678248
0.892341
0.354839
-0.141933
-0.188039
-0.994443
-0.826354
-0.408147
0.609912
-0.853058
-0.293762
0.432791
-0.578928
-1.05465
0.758385
0.0593433
-0.563363
-0.708017
0.577756
-0.0667834
0.280394
-0.32065
-0.353452
-0.387248
-1.42665
0.886181
0.843248
-0.684671
0.236588
-0.0114927
-0.629405
0.568061
0.676498
-0.596673
0.64097
0.228309
0.6727
-0.0930457
-0.817827
0.138115
0.681721
-0.745106
-0.56386
-0.224452
-0.0435238
0.444327
-0.120188
0.381103
0.641351
0.547591
-1.19091
-0.979015
0.704327
0.0289919
0.103026
-0.981405
0.25932
0.50909
-0.917493
0.303074
-0.601916
0.570913
-1.05012
-1.13273
-0.291741
1.00364
-0.77373
-0.25297
0.517991
0.940221
0.942565
0.966379
0.601988
0.12398
0.124596
-1.24348
0.143974
0.394873
0.869064
0.452245
-0.544666
0.0200589
0.0191528
0.053038
0.656896
0.105858
-0.646939
0.495843
-0.076895
0.262687
0.298583
0.708994
0.828738
0.0898776
-0.20808
-0.840679
-1.09321
0.389659
-0.42009
0.252287
0.817184
0.5197
0.931138
0.247053
0.740874
-1.05159
-0.395639
-0.637808
0.0882137
-0.141373
-0.511053
0.478792
0.435751
-0.571699
0.0435995
1.08465
0.249254
-0.99229
0.526689
0.747129
0.0715532
-1.0963
-0.698706
0.490722
0.865104
-0.64002
-0.207165
-0.880721
-0.119803
1.17551
1.08902
-0.267488
0.355411
0.681945
0.606006
-0.517749
-0.455896
0.250908
0.492868
0.185776
-0.582065
-0.00841174
0.68655
-0.0592345
0.362679
0.500903
0.987909
-0.552444
1.08448
-0.146043
-0.272564
0.5599
0.166615
0.217458
-0.471983
-0.0163167
-0.158255
0.457824
0.367612
-0.580941
-0.203462
0.227864
-0.0852469
0.0729417
0.699385
0.0554504
0.845478
-0.804376
0.2157
0.812558
-0.639766
0.318813
-0.777651
-0.359587
0.0244406
-0.550851
-0.436313
0.277554
1.13547
1.36556
-0.756742
-0.1163
-0.354746
-0.898025
-0.677478
0.970008
-0.837787
0.124473
0.676325
0.40463
0.00795323
0.874894
0.0561092
0.84818
-1.14364
-0.064823
0.255637
0.0116892
1.01167
-1.07258
-0.434797
0.302362
-0.425694
-0.511679
0.111519
0.0187884
0.624074
0.508451
0.224379
-0.910335
1.10787
1.2223
1.21074
-0.303742
-0.377324
-0.253473
0.280259
-0.539732
-0.57484
0.851252
0.832737
-1.05413
-0.626783
-0.817809
0.336623
0.640109
0.509036
-0.281475
-0.468827
0.501928
1.17078
-0.480691
0.710627
0.578845
0.315041
-0.112269
-0.240051
0.795912
-0.0426833
0.593399
0.443679
0.955757
0.251003
0.304628
-0.765333
-0.18153
-0.389487
0.593868
0.936903
-1.863
-0.312539
-0.0936878
-0.360621
0.075951
-0.979056
0.333656
-0.88189
0.812448
-0.677178
0.170949
-1.09855
-0.662327
0.289422
0.5379
0.377833
-0.863752
-0.468612
-0.246918
1.50331
0.80406
0.300242
-0.757872
-0.477497
1.03488
1.07411
-0.471288
-0.10588
-0.465101
-1.3315
0.360917
0.618646
0.43125
-0.173804
-0.045319
0.464398
0.442672
0.218004
0.300437
0.491011
-0.546399
-0.0375121
-1.28659
0.981782
0.792543
-0.00733212
-0.209832
-0.0226675
-0.167265
0.0558819
0.438765
-0.894637
-0.461178
0.606609
0.0228283
0.77168
0.334963
-1.58326
-0.727943
0.205647
-0.0685667
0.279805
0.774515
0.814608
-0.215002
-0.853699
1.14146
0.640027
0.0639512
0.504613
-0.916027
-0.368698
0.853091
0.605373
0.902362
0.668798
-0.350321
0.729221
0.272234
-0.821759
0.639037
-0.994473
0.62151
0.456282
0.384953
0.840688
0.536847
0.434925
-0.778814
0.115082
0.710635
-0.581941
-0.294731
0.89984
0.717676
1.56736
-0.0326003
0.0950944
0.127296
-0.350641
0.489093
0.0557207
-0.385226
-0.668513
0.095878
0.730423
-0.0384739
-0.548861
0.326137
0.552042
-0.47496
-0.239333
-0.517175
-0.723674
0.242367
0.941968
-0.984191
0.347317
-0.81591
-0.91684
-0.853964
-0.264388
0.406821
-1.39957
-0.481277
-0.940312
0.517074
0.229642
1.01322
0.932481
-0.136133
-0.0590279
0.68818
0.0742451
-0.6225
-0.384824
-0.504896
-0.379302
-0.31603
-0.617065
-0.877463
0.464519
0.202537
0.610621
0.11862
-0.523134
0.469007
-0.946598
0.453609
-0.0484329
0.273999
-0.0361318
-0.0450171
0.960241
0.533285
-0.409601
-1.15445
-0.0316775
0.551399
-0.662622
0.472827
1.48847
-0.782459
0.559729
0.0629437
0.856641
-0.0789507
-0.521878
0.273332
-0.811096
0.889425
-0.707965
0.348901
0.627677
-0.220785
0.919626
0.529629
-0.363571
0.646223
-0.0299342
0.246601
-0.708369
-0.131382
0.345037
-0.794246
-0.702859
-0.0246798
0.268559
-0.700073
-0.392886
0.986795
-1.21005
0.54311
-0.615622
0.333408
-0.0759258
0.935567
0.510383
-1.03163
-0.645363
0.970263
0.556764
0.640495
1.19147
1.27431
-0.730323
-1.06572
-0.358908
1.02499
0.133894
-0.16651
0.0710788
-0.84374
-1.17073
-0.80652
0.232276
0.784352
-0.554565
0.858115
0.242553
0.75649
0.257605
0.203384
0.346063
-1.25394
-0.782781
-0.2726
0.627482
-0.870036
-0.0640187
0.439256
-0.0200119
0.309348
-0.327014
-0.797924
-0.679106
0.510101
-0.0765257
1.01276
0.0440062
-0.665341
-0.225107
0.731445
-0.539257
0.463303
0.082462
-0.890067
-0.935451
0.713553
0.238617
-1.09703
-0.324277
0.619166
0.748713
-0.408085
-0.0293403
-0.236452
0.515625
-0.728507
-0.877277
0.310943
0.453598
0.168971
-0.252353
-0.016823
0.273447
-0.644199
0.894026
-0.0506973
0.975413
-0.185282
-0.269812
0.336616
-1.45962
0.311463
-0.475283
0.867338
0.746018
-1.37183
0.495888
0.904632
0.215674
-0.0395185
0.113852
-0.262561
0.980355
-0.449145
-0.629061
1.47393
0.960472
-0.529602
0.666716
-0.274982
1.57542
0.631956
0.885817
0.292079
-0.351386
0.548273
-0.327928
-0.965552
0.0314674
-1.1477
1.46828
-0.020932
0.770722
-0.642251
0.258243
-0.635849
-0.25857
0.0224119
0.134324
0.220239
-0.291685
0.39787
0.710538
-0.615567
0.871873
-0.245208
-0.319548
-0.233676
-0.369725
-0.588243
-0.466298
0.676698
0.507203
0.322012
0.0312062
-0.444284
-0.309914
0.76262
-0.00985433
0.709544
0.265737
-0.103737
-0.992282
0.803728
0.164034
-0.416349
-0.0992812
-0.623068
-0.0159012
0.30264
-0.772563
-0.27708
-0.171611
0.411629
-0.584277
-0.0524002
-0.315888
-0.923403
-0.960862
0.207334
0.515127
-0.27108
0.858752
0.347262
0.586355
0.472167
-0.240092
0.52212
0.11607
-0.105786
-0.795747
0.965664
0.332616
0.570693
0.899669
0.187685
0.0253333
0.278939
0.168912
-1.31625
0.14973
0.560965
-0.106789
0.0418028
-0.281096
1.58853
-0.474695
0.901242
0.215354
-0.474693
-0.378869
-0.527524
0.298395
0.681692
1.50069
0.0815468
-0.509814
-0.143695
0.771047
-1.16965
-0.935803
-0.404403
0.73187
0.778527
-0.846595
-0.291958
0.330392
0.0827503
-0.90835
1.12981
1.01672
0.186535
-0.260727
0.601565
0.792415
0.319149
0.746257
-0.77419
1.11269
0.744513
0.510361
-0.00561589
-0.516218
-0.711821
0.450552
0.752055
0.520572
-0.524568
0.0962201
0.502146
0.71815
0.324069
-0.026256
-0.78982
0.172241
0.574607
-0.356576
0.586384
0.897569
-0.119049
0.825578
-1.79684
0.0793425
-0.430677
-0.831178
-0.299023
-0.220956
-0.39364
0.484694
0.463927
-1.35987
-0.0826658
0.429819
-0.954588
0.705522
0.646194
-0.324471
0.413842
0.0352193
-0.432448
0.376463
0.455333
1.34602
-0.360843
0.00608702
-0.221743
-0.761425
0.195004
0.145782
0.806374
-0.344295
0.989583
-0.661823
-0.86022
1.43982
-0.661188
0.609634
0.877258
-0.611844
0.818079
1.06797
-0.242579
1.01086
1.67817
0.0730154
0.0751853
0.602832
-0.231126
0.391338
0.424134
-0.0161491
-1.03153
-0.935853
-1.33968
0.855529
-0.235408
-0.585398
0.790801
-0.35344
-0.895888
-0.813508
-1.02987
1.00047
0.237836
-0.00916363
0.378254
0.814048
-0.113505
0.291405
0.849139
-0.768948
-0.402532
-0.922089
0.819098
0.916182
-0.241829
0.833737
-0.261716
-0.195294
-0.340251
-0.66615
-0.323727
0.119493
0.581368
0.972001
-0.163039
-1.19326
0.347792
1.40126
0.200528
-0.674114
0.411465
0.851459
0.24315
-0.896848
0.261446
1.55034
-0.27595
-0.912581
0.694645
0.870937
0.835069
0.959103
0.927183
0.697221
0.656305
-0.170442
0.063825
-0.543079
0.71397
0.372754
-1.04891
0.500961
-0.583506
-0.973663
-0.70302
-0.0699071
-0.208368
0.396025
0.288008
-0.398112
1.11839
-0.795626
0.29944
0.739476
-0.494253
-0.431634
0.503808
0.587064
-0.161725
-0.0304456
-0.762753
-0.519638
-0.491324
-0.912997
0.986805
-0.738231
0.134486
1.05292
-0.0718445
0.97615
-0.78682
-0.196026
0.138741
0.0840784
0.545213
-0.84387
-0.330002
-0.71484
0.276893
-0.919309
-0.434498
0.0975603
-0.0198636
1.43679
0.00840524
-0.160229
0.422309
0.743143
0.160316
-0.735275
-0.5549
-0.0131248
0.485457
-0.431855
0.631891
-0.472997
0.597187
-0.949844
0.143771
-1.813
0.491412
0.679788
-0.0316327
-0.810447
-0.483659
0.141371
-0.266143
0.0434889
0.898581
-0.454065
0.819068
0.491883
0.998627
0.24129
0.590083
0.342974
1.34706
0.435014
-0.489955
0.326756
0.749328
0.158633
-0.113579
0.21442
-0.232198
-0.494423
0.764354
0.378815
-0.064517
-0.269678
-0.825517
-0.116586
-0.62668
-0.87696
-0.649757
-0.0968037
0.0820464
0.640977
0.0884055
0.102353
-0.0381787
0.17125
-0.816948
0.239756
-0.275932
1.01969
-0.635622
0.35711
0.530958
-1.72983
-0.46068
-0.370078
-1.19995
0.963901
-0.376041
-1.11207
-0.00703671
0.116424
0.684446
-0.360768
-0.974747
-1.5855
0.222429
-0.608789
0.373391
-0.123288
0.709857
0.337663
-0.0909747
-0.249959
-0.0123553
0.917142
-0.423519
0.866512
0.625286
-0.575539
-0.668037
-0.924862
0.348292
0.89742
-0.595038
0.271156
0.494037
-0.857527
0.0399385
-1.06186
-0.88916
-0.328123
0.532663
-0.248147
-0.935713
0.798965
-0.325193
0.687508
0.338249
-0.476195
0.919041
0.571705
0.0574824
-0.0126707
-0.31757
0.245616
0.00546961
0.788183
-0.0741086
0.887443
-0.228858
-0.70562
-0.159725
0.791389
-1.26699
0.0981918
0.068124
-0.493987
0.0416595
1.0399
-0.556602
0.426442
-2.1329
-0.10723
-0.103816
-0.117732
-1.502
-0.457446
0.560007
-0.448279
0.0403552
-0.219118
0.441816
0.823382
-0.689547
-0.312342
0.791351
0.491359
0.667374
-0.335744
0.0570486
0.699094
0.0886276
-0.727287
0.305392
-0.299436
-0.374606
-0.257265
-0.431056
-0.76231
-1.02701
-0.861335
-0.242971
-0.648523
-0.640454
0.598145
-0.601555
0.492072
-0.28102
-0.146392
1.19652
-0.638385
0.0889678
-0.863584
0.245183
0.0193284
0.120593
0.561008
0.0295121
0.229773
0.168861
0.266283
-0.364302
-0.558037
0.50476
-0.0414731
0.0599688
-0.32916
0.628051
0.163536
-0.00994747
0.552663
0.520512
-0.755884
0.247701
-0.562794
-0.718179
0.434439
-0.0630924
0.97396
-0.289473
0.461935
-0.456041
-0.0964136
-0.676776
1.141
-0.695692
0.606252
-0.316327
-0.38452
-0.738212
-0.734933
0.209831
0.268655
0.439207
-0.521532
-0.928043
0.497481
-0.784921
0.292398
0.857323
-0.452041
-0.249237
-0.188613
0.287752
-0.799811
0.0753492
0.0390201
-0.0976895
-0.0358268
0.0366022
-0.722687
-0.827433
0.235546
0.120235
0.0678815
1.03407
0.967909
1.15061
0.146533
-0.620888
0.278267
-0.536189
0.807089
-0.0420632
0.150064
0.896167
-0.71857
0.0668951
-1.41981
-0.587993
0.0147692
0.291299
-0.140107
0.647866
-0.387368
0.466623
0.278037
-0.941577
0.457424
-0.531638
0.743932
0.534643
-0.657615
-0.467378
-0.879528
-0.738968
0.0910385
-0.352558
1.19737
0.787476
-0.652784
0.577664
0.484134
-0.142501
-0.773513
0.277797
0.268269
-0.729667
1.02612
0.54026
0.391964
-0.331211
-1.33883
-1.0051
0.855098
0.246204
-0.529432
-0.763322
-0.917368
0.129613
-0.592423
0.259556
0.185495
0.731351
0.636418
-0.0196095
-0.107347
-0.176019
0.451545
1.14832
0.723627
-0.768296
0.727741
-0.588996
1.02572
0.0151002
0.671753
-0.138184
-0.361091
-0.176053
0.41648
-0.187228
0.0387955
0.631073
-0.976741
-1.08417
0.609513
0.0346996
0.0494064
-0.897967
0.129345
-1.00795
0.349947
0.183571
-0.141239
0.462205
1.82514
-0.991842
-0.0475653
-1.09986
-0.458545
0.951295
1.13022
-0.0441005
0.371291
-0.602583
-0.487598
-0.785088
0.253397
0.632965
-0.611209
-0.116828
-0.341404
0.557159
-0.352378
0.777191
0.576267
-0.911194
-1.71305
-0.86349
0.482406
-0.969099
-0.806334
-0.839529
-0.79026
-0.195616
-0.892043
-0.774321
-0.20357
0.813227
-1.0213
-0.860789
0.126627
0.142086
0.0864266
-0.65829
0.579359
1.11237
-0.213515
-0.578422
-0.462681
-2.47401
0.736584
-0.373746
-0.071142
0.235308
0.303642
-0.0824446
0.000644676
-0.383661
-0.158582
1.09581
0.837678
-0.637257
-0.0947291
0.226995
0.312364
0.866095
0.316811
-0.759218
-0.279989
0.716444
1.97077
-1.13385
-0.938453
0.37324
0.83086
-0.426665
1.29974
-0.383259
-0.12301
0.0827191
0.565824
-0.0635031
-0.236728
0.011626
-0.775827
-0.362708
-0.742821
-0.583213
-0.860622
0.843604
-0.760508
-0.880171
0.396898
-0.191853
-0.69573
-0.37695
0.680647
-0.970829
0.498382
-0.547776
0.34348
-0.145239
0.331996
-0.106892
0.383396
-0.230841
0.202321
0.756089
0.209212
0.232584
-0.866209
0.979003
-0.243915
0.281367
-0.146223
-1.40218
0.652419
-0.600904
0.411056
0.334619
-0.091516
-0.859251
0.0524653
-0.1701
-1.09176
-0.0450291
0.145925
-0.684988
-0.273169
0.245898
-0.868586
0.599404
-0.759252
1.05326
-0.756222
1.0042
-0.0520522
0.443052
-0.420679
-1.31736
0.962891
0.734989
-0.276449
-0.753337
0.198366
-0.417656
0.318001
0.535334
-0.759657
0.317413
0.992813
-1.10019
-0.597054
-0.148518
-0.580463
0.699262
0.586081
0.536119
1.05775
-1.02619
0.752373
0.632958
-0.428823
-0.858995
0.084847
0.794078
-0.114492
0.450271
0.863459
0.487419
0.588969
-0.684511
-0.381738
0.365781
0.204104
-0.0177161
0.2279
0.696597
-0.571839
0.475359
0.901015
0.446736
0.3714
0.164445
0.851986
0.441611
0.918835
0.157287
-0.2696
0.461931
0.186758
1.06026
0.658826
0.68157
-0.534279
-0.181049
0.208829
0.791513
0.834669
-0.701445
-1.13199
-0.456142
-0.177451
-0.764955
0.210414
-1.19134
0.938239
-0.777637
0.461022
-0.808769
0.421342
0.558664
-0.685646
0.793738
0.118527
0.3915
-0.824301
-0.762409
-0.919541
0.04086
-0.415943
-0.445463
0.553835
-0.504399
0.43373
0.766613
-0.757744
-0.184133
0.343839
-0.146823
0.184891
-0.793241
0.753899
-0.752999
-0.101576
1.43467
0.746671
0.343817
0.838216
0.270934
-0.648256
0.145437
0.0623269
-0.616469
-0.774543
0.0932276
0.909887
-0.286817
1.01787
0.373863
1.00038
0.765667
0.492321
-0.622384
0.633926
0.782501
0.50453
0.895386
-0.66701
0.984558
-0.238552
0.406903
0.463451
0.898776
-0.991136
0.340415
-0.869604
0.318254
-0.351508
-0.470294
-0.154174
0.637723
0.839381
0.644676
0.603953
-0.0749675
0.33267
-0.315816
-0.590551
0.37913
0.329808
-0.233886
0.990267
-0.69719
0.745182
-0.701936
-0.986629
-0.639226
-0.852306
0.463137
1.59075
-0.814587
0.769036
-0.574517
0.248566
-0.974813
-0.427115
-0.137665
-0.385052
-0.103885
-0.00783684
1.13773
-0.400952
-1.00881
-1.33333
-0.696855
-0.255025
-0.640586
0.771029
0.295801
-0.749119
-0.297999
0.481128
-0.0604543
0.665642
-0.885259
0.829972
0.680416
0.147731
-0.128726
0.845301
-0.369886
0.0317726
0.402243
0.288483
-0.80224
0.306121
-0.326725
-0.966606
-0.436165
0.690351
0.0592237
-0.615452
0.510424
-1.38701
0.843659
-0.171645
-0.00138649
-0.263005
-0.665707
1.07693
-0.624636
0.253742
-0.47874
0.0896307
-0.0608489
-1.10312
-0.318403
0.0475771
0.370524
-0.735961
0.102147
0.129115
0.654717
-0.536774
0.372747
-0.174974
0.586863
-0.141697
-0.472153
-0.0115969
0.333181
-0.000978272
-0.58615
-0.770051
0.503687
0.14419
0.0561679
-0.109303
-0.579945
-0.387006
0.318509
0.0464383
-0.45446
1.06313
0.427118
-0.876939
-0.524881
-0.70784
-0.313088
0.669046
-0.0633562
-0.0446921
0.435498
-0.970972
0.913335
-0.0554885
-0.570986
-0.184301
-0.251635
-0.747649
-0.314982
-0.730878
0.0569471
-0.034781
0.289177
0.785934
0.95147
-0.0944746
0.00487672
-0.283512
0.410675
-0.578441
0.456267
-0.233433
0.252168
0.567927
-0.889845
1.17781
0.241525
0.63745
0.1103
0.437885
0.285505
-0.812855
-0.015417
-0.880713
-0.954731
-0.0291522
0.0490634
-0.53879
-0.3499
0.0999988
0.529753
0.995422
0.381805
0.308219
0.6205
0.140079
0.734346
-0.193093
-0.180052
0.676846
-0.612681
0.826053
0.725466
-0.401361
-0.324278
1.08794
-0.879789
-0.808668
1.07589
-0.033277
-0.441803
0.486096
-1.56311
1.24094
-0.170324
-0.27703
0.793103
-0.341451
0.0893636
-0.124307
-0.843736
-1.05702
0.249879
-0.387645
-0.689383
0.956787
-0.0775183
-0.564982
0.782773
-0.748804
0.614451
0.808918
0.156203
-0.840935
0.198953
1.03746
0.279901
0.612269
-0.17325
0.563793
-0.693472
-0.332264
0.858878
0.604052
-0.604512
-0.952392
1.19899
-0.678011
-1.08986
-0.28839
-0.0512737
0.714876
-0.401947
0.290555
0.37465
0.403263
-0.626463
-0.26896
0.864553
0.00419968
-0.581532
-0.182527
0.487926
1.11283
-0.439175
-0.743947
0.475876
0.455
-0.248416
0.00831005
-0.259612
0.155568
0.295993
-0.434324
-0.67971
0.740532
-0.15133
-1.19324
-0.104246
-0.188645
-0.00432653
-0.0593626
-0.357158
0.31587
0.231822
-0.563023
0.347345
0.597231
-0.868224
0.382915
0.930174
0.65967
0.730839
0.383585
-0.424974
-0.757729
0.220902
-0.377352
0.365486
-1.45752
-0.823307
0.43838
1.16325
0.430488
1.05911
0.780051
0.662365
-0.648584
0.403731
-0.784733
0.170483
0.174885
1.10222
0.586558
-0.838575
-0.879737
0.864061
0.0439338
-0.632738
0.867105
-0.246398
0.600171
0.31644
-0.594043
0.130193
0.721152
-0.326901
-0.142782
-0.243208
0.183195
-0.0323
-0.59249
-0.708738
0.827751
-0.681841
1.0921
-0.403767
-0.734499
1.012
-0.308997
0.178163
0.372806
0.175674
0.277307
0.335067
-0.118533
0.706048
-0.0958388
-0.618834
-0.561292
0.467748
0.514471
-0.437876
0.0870659
-1.37558
0.601712
0.753899
0.0217882
0.341186
-0.181282
0.58976
0.844171
-0.350257
-0.518156
0.455118
0.878709
-0.325992
0.305598
0.156136
0.813878
-0.648671
-0.346554
0.524814
0.438276
-0.879307
0.609791
-1.07005
1.18028
0.794373
-0.655045
0.297526
-1.07935
-0.714284
-0.808173
0.133562
-0.810546
-0.0798658
-1.76329
-0.773722
-0.922605
0.273554
-1.2144
0.465803
0.471181
0.647907
0.394636
0.492134
-0.565276
-2.98831
-0.267254
0.527073
0.690746
-0.538159
-0.525332
-0.873453
0.916691
0.23386
-0.160195
0.741686
0.566665
-0.552048
0.0514748
-0.110326
0.507404
-0.738444
-0.236844
0.793546
0.49574
0.864757
0.0400552
0.164754
-0.070928
0.641652
0.669521
0.732195
-0.390474
-0.32776
-0.595007
0.21269
0.168145
0.947525
-1.6973
-0.562003
-0.550994
0.743833
0.791528
-0.69752
-0.125298
0.418478
0.136937
0.882878
-0.0566965
-0.599463
0.00138743
0.761908
0.573149
0.0432005
-1.10813
-0.601895
-0.891579
-0.18512
-0.399499
-0.224671
-0.993771
0.144614
0.033784
-0.714483
0.699594
-0.18452
0.779902
0.192056
-0.908804
0.783424
0.711942
-1.58816
0.664786
-0.389467
0.142865
-0.882381
0.0214233
0.157167
-0.246147
0.177112
0.930391
-0.263281
0.347829
0.853368
1.04074
-0.857065
-0.102976
0.255691
-0.148789
0.384489
-0.681613
-0.910262
-0.135141
-0.804906
-0.683515
-0.513779
0.741385
-0.427211
0.0829104
-0.678288
-0.323681
0.195613
-1.15652
-0.557575
0.941495
-0.307124
-0.982229
1.00719
-0.352183
0.836601
0.0184155
-0.210126
-0.876986
-0.209631
1.15027
0.372948
1.57441
0.471851
-0.954889
0.522471
0.730387
-0.436635
0.37182
0.248284
0.49651
0.236254
-1.20826
0.655478
-0.511093
0.253097
1.48604
-0.952939
-0.635606
-0.993799
0.479599
0.533305
0.979431
-0.0846204
0.722701
-0.829914
0.662231
0.679887
-0.364375
-0.256945
-0.311474
-0.267608
-0.376884
0.861108
0.79191
0.457683
0.427896
-0.174573
0.753312
-1.07206
-0.605198
0.0682037
0.944782
-0.212296
0.198963
-1.03101
-0.249286
0.721061
0.387478
0.889078
-0.00528541
0.95915
-0.339078
0.210519
-0.455265
0.901752
0.30997
0.675493
0.0615788
-0.823508
0.719506
-0.16327
-0.813045
0.528714
-0.399427
0.377585
-0.647886
-0.500244
1.57901
0.220288
0.950857
0.793631
-0.793497
-0.226819
0.838394
0.686598
0.0563652
-0.183177
-1.11901
0.480029
-0.0879238
-0.262169
-1.05725
-0.0874331
-0.37637
-0.693214
0.969994
-0.23293
-0.575317
0.0819728
0.13376
-0.310919
-0.0335508
0.748159
1.17135
-1.0463
-0.979091
-0.0685634
0.96172
-0.610738
0.221541
-1.08266
-0.864346
0.210817
0.26491
-0.19368
0.747352
-0.0378197
-0.346829
-0.618458
0.947306
-0.189474
0.109883
-0.102634
-0.132279
-0.153815
-0.24605
0.621893
-0.480902
-0.211897
0.0173218
-0.844654
-0.278585
-0.914346
-0.661403
0.699328
-0.309725
0.252331
1.05071
-0.898692
0.528275
0.627321
0.627188
0.763033
0.387565
-0.770142
0.977098
0.864213
0.244086
-0.059822
0.0144037
0.767026
0.675082
-0.366049
-1.00361
-0.206459
0.218848
0.185778
0.203998
-0.0159772
0.518452
-0.352674
-0.00890645
-0.119608
-0.822782
-0.24181
-0.503557
-0.349292
0.127608
-0.308844
0.883235
0.0746635
-0.430796
0.746125
0.536329
0.405959
-0.576501
-0.886773
-0.474515
-0.0199991
0.603053
0.48547
-0.530043
0.973127
-0.56455
-0.381078
-0.558849
-1.29567
-0.24694
-0.531114
-0.491338
0.843891
0.791507
0.356437
0.708458
-0.102411
0.755489
-0.691203
0.153071
0.495026
-0.23233
0.334194
0.960486
-0.346187
-0.117022
0.353195
-0.20642
-0.889551
0.172152
0.319706
-0.333781
0.931659
0.932205
-0.732456
1.08856
-0.309131
-0.123491
-0.0392512
0.0799619
-0.377712
-1.01857
-0.312053
-0.0270089
0.614295
0.222773
0.562758
-0.782258
0.435567
-0.00816543
0.878498
-0.640029
1.07527
0.89874
-0.613164
1.3006
-0.184679
-0.168584
-0.140595
0.795413
-0.0291271
-0.0840864
0.551551
0.262335
0.376799
0.122815
0.867506
0.372665
0.673336
0.0936858
-0.328919
0.842915
0.672963
0.460854
0.357599
-0.202761
-0.356731
0.154796
0.492935
-0.745062
-0.754267
-0.25057
0.375462
-0.197689
0.959934
-0.122029
-0.437166
0.639301
0.0703594
0.33877
0.58166
-0.0896339
-0.0121732
0.840652
-0.0671533
0.0381199
-0.271889
1.08292
-0.797924
0.437871
0.383114
-0.730931
0.694557
0.724722
0.28718
-0.271334
-1.19413
0.496456
0.733589
-0.916745
0.0715668
-0.216744
-0.212898
-1.27191
-0.602047
-0.802536
0.117604
-0.702344
1.73866
-0.937835
-0.623752
-0.146539
0.54176
0.504066
-0.233132
0.717095
0.308123
0.311915
0.205805
-0.21917
0.327129
0.806792
0.50259
0.323804
0.175246
0.429146
0.795895
-0.90338
1.02437
0.8597
-0.490976
-0.408429
0.664052
0.235965
1.143
0.793752
-0.419894
-0.863863
0.250366
0.53877
-0.755104
0.228239
0.956182
0.716136
-1.0444
-0.336577
0.64377
-0.711709
-0.38367
-0.31077
-0.657586
-0.544737
-0.797732
-0.559655
0.20273
0.638713
0.367199
0.324385
0.369714
0.661164
0.508063
-0.809655
0.532144
0.766386
0.463367
0.465682
-0.167853
0.654129
0.525725
-0.771622
-0.180099
0.376951
0.531133
-0.263083
0.243908
0.615855
0.224664
-0.263162
0.276686
0.563796
0.34233
-0.649452
-0.648551
-0.680691
0.366714
-0.0523529
-0.589679
0.209745
0.265348
0.24914
-0.99379
-0.293365
0.271542
-0.694465
0.538166
-0.373831
1.4067
0.82424
-0.577319
-0.4094
-0.205907
-0.292487
0.822749
-0.699414
0.695645
-0.116
-0.125095
-2.36493
0.447204
0.562102
-0.801996
0.346545
0.696137
0.0334011
-0.684133
0.174286
0.0375676
-0.105814
-0.116733
-0.0443062
0.0670982
-0.0529805
-0.0215766
0.0557903
-0.0388627
0.0645183
0.773675
3.48449
-1.2705
-1.41274
0.898434
-1.25689
-0.779788
-0.603455
-0.194556
-2.93392
0.860479
0.791744
-0.54619
0.107933
-0.036422
0.0193429
-0.379559
-3.18577
0.842926
0.864135
-0.846431
-2.59937
0.522666
0.612563
0.47972
-1.30357
-0.741797
0.691747
-0.323038
-0.0183373
0.0386674
-0.0333867
-0.572314
1.209
-0.352907
-0.396247
-0.837764
2.59672
-0.895907
-0.712381
-0.293435
-2.1686
0.476443
0.507059
0.74633
-1.05442
0.787514
0.493928
0.419904
1.98226
-0.813971
-0.811471
-0.647023
0.284365
0.101836
-0.131404
0.446882
-2.81639
0.717868
0.916482
0.732902
2.21742
-0.810233
-0.673698
0.606494
-0.436323
0.668148
-0.0692804
0.751945
0.245304
-0.111612
0.0628651
0.0714438
-3.15674
0.866375
0.591783
0.93054
0.149682
0.0322687
-0.0586234
-0.967772
2.54087
-0.600676
-0.672706
0.232887
-0.0854837
-0.0211862
0.0597908
-0.388653
0.0303886
-0.00976445
0.0320221
-0.894406
-0.369282
-0.0479262
0.0746598
-0.9729
3.07066
-0.951782
-0.666563
-0.232643
-0.250211
-0.0162437
0.0407955
1
0.0352941
0.309804
0.760784
0.00392157
0.294118
0.745098
0.0588235
0.290196
0.717647
0.0196078
0.290196
0.745098
0.0313726
0.27451
0.721569
0.0666667
0.321569
0.756863
0.0666667
0.317647
0.745098
0.0196078
0.298039
0.745098
0.435294
0.580392
0.854902
0.521569
0.65098
0.870588
0.278431
0.333333
0.45098
0.4
0.0941176
0.32549
0.509804
0.054902
0.290196
0.490196
0.0980392
0.333333
0.486275
0.121569
0.376471
0.0431373
0.298039
0.737255
0.690196
0.760784
0.909804
0.701961
0.752941
0.898039
0.372549
0.54902
0.545098
0.258824
0.298039
0.184314
0.717647
0.52549
0.560784
0.760784
0.494118
0.552941
0.705882
0.529412
0.588235
0.152941
0.403922
0.788235
0.270588
0.498039
0.835294
0.329412
0.52549
0.843137
0.188235
0.392157
0.45098
0.0627451
0.282353
0.121569
0.290196
0.294118
0.27451
0.396078
0.396078
0.372549
0.282353
0.309804
0.32549
0.0627451
0.368627
0.752941
0.117647
0.435294
0.823529
0.145098
0.439216
0.811765
0.141176
0.34902
0.556863
0.0392157
0.152941
0.301961
0.00392157
0.184314
0.380392
0
0.129412
0.278431
0
0.207843
0.45098
0
0.396078
0.815686
0.156863
0.486275
0.835294
0.380392
0.592157
0.843137
0.490196
0.643137
0.843137
0.2
0.513726
0.870588
0.113725
0.490196
0.858824
0.054902
0.470588
0.85098
0.337255
0.592157
0.878431
0.0745098
0.470588
0.835294
0.290196
0.560784
0.854902
0.231373
0.545098
0.835294
0.309804
0.552941
0.8
0.364706
0.6
0.866667
0.270588
0.564706
0.854902
0.207843
0.556863
0.854902
0.14902
0.541176
0.847059
0.054902
0.521569
0.85098
0.145098
0.533333
0.85098
0.109804
0.533333
0.835294
0.164706
0.545098
0.819608
0.266667
0.584314
0.862745
0.27451
0.588235
0.862745
0.341176
0.615686
0.870588
0.180392
0.576471
0.866667
0.152941
0.584314
0.870588
1
0.999999
-0.881299
-1
0.942467
0.180412
-0.994831
-0.995444
0.999939
0.603507
0.947145
-0.999913
0.997839
0.99988
-0.952127
0.187884
-0.888911
1
0.999996
-0.999996
-0.966556
0.0398728
1
0.999562
0.987598
-1
0.528036
0.698638
0.501787
0.917419
0.996991
-0.69362
-0.882972
1
-1
0.827242
0.962607
0
0.0100217
0.00964274
-0.0101824
0.0253591
0.0292508
-0.0144441
-0.0156671
0.0173784
0.00532853
-0.0371801
-0.0282921
-0.0564666
-0.0160991
0.0549872
0.054638
-0.0524264
0.0319472
-0.00927193
-0.0272625
-0.0547398
0.0193766
-0.0399872
-0.0134695
0.0414606
0.00973619
0.0196835
0.00824228
0.00320494
-0.0196871
-0.0224682
0.0109559
-0.030588
-0.0294347
0.0133415
0.00714632
0.00672719
-0.00348041
0.0158409
0.0227438
-0.00755884
-0.0121357
-0.00374808
0.0215356
0.0152281
0.0262349
-0.0189176
0.0550139
0.0904561
-0.0591483
-0.105786
-0.0876795
-0.104368
-0.205926
-0.120938
-0.12015
-0.14485
0.161282
0.00826809
-0.0169087
-0.129982
0.149451
-0.039894
0.210472
-0.00255667
-0.18514
0.0673973
0.289769
-0.115606
0.262094
-0.164213
-0.0678633
0.0687534
-0.00609458
-0.0287345
0.00189569
0.0399832
-0.0390703
-0.206788
0.102659
-0.145983
-0.0913177
0.100657
-0.0336825
-0.0956985
0.140461
-0.0342859
-0.0551895
-0.0496391
0.182058
-0.0325868
0.00345194
0.0493636
-0.0428994
-0.0236025
-0.0825543
-0.0192964
-0.00943523
0.048559
0.0357466
0.0593881
0.0436497
0.248446
0.478031
0.121888
0.207932
0.181357
-0.0535581
-0.216312
-0.000189464
0.0893975
0.0730226
-0.201521
-0.0356022
-0.125289
-0.436641
-0.0775077
-0.161368
-0.022589
-0.0323922
0.0469352
-0.0305051
0.0346649
-0.0436871
-0.00408634
-0.0619858
-0.0698077
0.0520637
-0.0184708
-0.0572286
0.208146
0.109534
-0.012733
-0.032887
-0.0628178
0.00552137
-0.177537
-0.0693481
-0.0894483
-0.160214
0.163397
0.143082
0.0131912
0.0560065
0.155356
-0.0651435
0.018909
-0.0170005
0.00437275
0.0179607
0.000839965
0.0380623
-0.0102052
0.00589408
-0.00862409
-0.0231357
0.0257307
-0.00215046
0.0123299
-0.019825
0.0687693
0.0108968
0.0420808
0.0247489
-0.00305687
0.0157576
0.0157766
-0.00561266
0.0108169
0.0442855
0.00786672
-0.0263369
0.0797018
0.0275168
-0.0318523
0.000579561
-0.0163663
-0.0666229
0.0445568
-0.00895763
-0.0153201
-0.0719612
-0.0158148
-0.0915907
0.039219
0.000698875
0.0306696
0.0220468
-0.017068
-0.0622807
-0.0174096
0.00101167
0.0194131
0
4.30527e-07
-0.000365765
0
0.000206315
0.0124584
-0.042576
1.69002e-06
0
-0.01858
-0.0115747
-5.43837e-05
-6.49456e-05
-0
0.000386767
9.7861e-05
0.000157732
-1.58084e-05
-0
0
0.0822544
-0.198598
0
0
-0.000461154
-9.56567e-08
0.00660176
3.85821e-05
-3.98433e-08
-1.08022e-05
-0.00534582
0.0076973
-0.0217056
0
3.98564e-05
0.192417
-0.546995
