4
192
32
32
3
-0.997497
0.119029
-0.186937
0.616112
2.8427
0.110882
-0.400932
0.874188
0.539721
0.670171
-0.431906
0.538432
-0.624199
-0.249176
-0.528794
0.216832
-0.95898
-0.18947
-0.644084
-0.547303
1.02343
0.293265
-1.275
-1.27491
-0.762921
-0.208701
0.0750845
0.0635093
0.354151
-0.146709
-0.847511
0.401849
0.0344115
-0.295755
-0.849423
0.376868
0.567006
0.347828
0.917694
-0.162606
0.402283
0.414686
0.923681
0.888916
0.121233
-1.35003
0.0338673
-0.565925
0.618395
-0.701578
0.0682751
0.749693
0.942932
1.61857
0.518805
0.228116
-0.632303
-0.978791
0.00476853
-0.940079
0.143925
-0.565633
0.299202
-0.974019
-0.939975
0.855244
-0.448225
-0.417072
0.249203
0.383415
0.819783
0.469997
0.0758734
-0.625577
0.370769
0.027883
0.0647886
0.859434
0.804647
-0.987388
0.16443
-0.163279
0.529271
0.355913
0.215534
-0.229545
-0.575201
-0.429361
0.411721
0.638546
0.0215344
1.27533
0.514136
0.0770755
-0.447125
0.194932
-0.0993271
-0.829204
0.388719
0.00961328
-0.710073
0.992919
-0.716218
0.863133
0.643288
-0.17125
0.04018
-1.01371
1.01107
0.975737
-0.775664
1.28418
0.604183
0.142424
-0.409397
-0.476385
0.507006
0.0193529
-0.694176
0.316268
0.61639
0.246061
-0.411452
0.104068
0.335995
0.520415
0.759631
-0.0563291
-1.00378
-0.374726
0.681262
-0.951537
0.0340282
0.335914
-0.319016
-0.789582
0.0263359
1.47583
-0.208533
-0.65824
-0.117052
-0.152347
0.471041
-0.380876
-0.540555
-0.476693
0.941841
-0.703228
0.251319
-0.143239
-0.524313
0.497991
1.02432
-0.3971
0.591016
0.77999
-1.07282
1.06503
0.157967
-0.349954
0.177349
-0.529462
0.634232
0.281429
0.296194
-0.604297
0.697158
-0.82551
-0.779814
-0.16401
-0.0010707
0.666761
-0.224927
-0.40305
-0.650059
0.349309
0.604495
0.396574
0.158806
0.468882
-0.486432
-0.707237
-1.12629
-0.793002
0.616796
0.968655
-0.497704
-0.160947
0.214818
-1.11795
-0.615005
-0.0798286
1.40769
0.436471
0.0786534
-0.927137
-0.0921548
-0.62664
0.392437
-0.452408
-0.179194
-0.5348
-0.690641
0.338744
0.102094
-0.267096
-0.109441
0.998292
0.966773
0.752652
-0.477739
-0.275845
-0.667933
1.13121
0.0139262
0.942928
-0.720526
0.218947
-0.562986
0.132903
1.36453
-0.791601
0.718722
-0.268477
-0.536517
1.30905
-0.287542
-0.712476
0.16109
0.209038
-0.139143
-0.0672933
0.20669
0.0476846
0.710314
0.291196
0.652922
0.088326
-0.150403
-0.293073
-0.513873
0.0110333
0.0467296
0.411238
-0.535311
-0.646251
-0.0180441
0.178303
0.0737206
-0.194578
-0.0380388
-0.541181
0.657869
0.760459
-0.0429316
0.314792
0.715143
-0.688943
0.690256
0.714792
0.98818
0.179507
0.497806
-0.765958
0.335551
0.963099
-0.527089
0.138554
-0.51323
-0.316628
-1.10089
1.12101
0.693956
0.556854
-0.961149
-0.436537
-0.949887
-0.802513
0.256148
0.692608
0.0884837
-0.122043
-0.0909509
-0.432187
0.156181
0.189837
-0.0391774
-0.619956
0.354094
-0.173666
0.664487
1.631
0.788972
0.54184
-0.465685
0.944963
-0.604801
-0.868526
0.537435
-0.0905801
0.219449
0.730592
-0.618049
0.477499
0.895461
-0.404923
-0.717278
0.0323012
-0.672244
-0.55705
0.943166
0.0771801
0.465391
-0.673546
0.0375802
-0.148877
-0.0600136
0.81505
0.194316
0.364305
0.150664
0.013944
0.406343
-0.200748
-0.31482
0.323269
-0.811481
0.158223
0.75059
0.109353
0.494675
0.00637403
-0.54983
0.571318
0.195676
0.0528043
0.83305
0.134881
-0.644108
-0.140455
-1.09766
0.430696
0.330225
0.194794
-0.969119
-0.597223
-1.20875
0.330733
-0.662473
0.673577
0.963872
0.595101
0.726121
0.280546
-0.938552
-0.663509
0.428609
0.768282
-0.609007
-0.715657
-0.703286
0.29072
-0.158401
-0.361187
-0.253202
0.10141
0.605116
0.811364
0.371705
0.218591
1.0487
0.815613
-0.640568
-0.108879
-0.279703
-0.737816
-0.75363
0.683847
-0.883826
-0.223986
0.21714
-0.331229
0.0909324
-0.354314
-0.161434
-0.503771
0.304101
-0.775828
-0.281449
0.587331
1.29418
0.650282
0.589299
0.174397
-0.227819
0.86165
-0.543016
0.696595
-0.717835
-0.500493
0.112606
1.18931
-0.886038
-0.0771138
0.0190876
-0.0705211
-1.22945
-0.6065
0.591885
-0.512084
-0.733038
-0.705585
0.911017
-0.695943
-0.83785
-0.909472
-0.116583
0.936843
-0.0556972
-0.342665
0.918294
0.821199
0.0773669
1.19107
0.330302
-0.225608
-0.557408
-0.975136
0.182573
0.909604
-0.191144
-0.82503
0.171442
-0.647389
0.687761
1.01966
-0.527283
0.797091
-0.876432
0.611021
0.100019
0.0882709
0.1734
-0.739652
-0.67047
-0.478653
-0.929019
-0.0858225
-0.86924
0.489678
1.08338
-0.38179
0.303865
0.362985
0.480633
0.617397
0.513946
0.151965
-0.585886
0.317475
0.49314
0.709838
-0.937864
0.747479
0.0693111
0.413536
-1.02975
0.410198
1.08701
-0.661696
-0.446616
-0.637551
0.604986
0.112645
-0.651761
0.798266
-0.291322
0.479419
-0.524491
-0.618117
-0.44808
0.0437276
0.972505
-0.596918
1.3058
-0.322311
-0.868706
0.724273
-0.645921
1.41578
0.48371
0.806069
-0.668004
-0.0494096
-0.849384
0.501266
-0.804406
-0.367746
-0.377289
0.499729
-0.688082
-0.295772
-0.136159
-0.555524
-0.616308
-0.162081
0.605744
0.667675
-0.594863
0.533051
0.432422
0.481452
0.965315
-0.00935205
0.818589
0.510457
-0.60519
0.662912
-0.00564348
-0.117065
1.04031
0.0894215
0.621707
-0.0956213
-0.547696
-0.317437
-0.29575
-0.796474
0.590503
-0.596658
-1.11381
-0.221284
0.700283
-0.620077
-0.359674
-1.80073
0.278656
0.0142464
0.575308
0.28041
0.250316
0.494556
-0.231781
0.78946
0.0413402
-0.517786
0.954546
0.685054
-0.0941186
1.52692
-0.355866
0.610211
0.200314
-0.0332376
0.265849
0.12903
-1.14326
-0.296971
-0.539195
-0.15417
0.942604
0.420393
0.465637
0.61553
-0.21274
0.333959
1.04594
-0.0928968
-0.799469
0.138726
-0.225379
0.837252
0.361641
0.823588
0.530394
-0.748182
-0.271061
-0.399936
0.455372
0.871624
-0.295668
0.166245
-0.439431
1.11354
-0.756634
0.0326061
0.457673
-0.113407
0.129457
-0.893105
-0.751457
-0.928335
-0.905872
-0.156717
-0.38554
0.360779
-0.858036
-0.210211
-0.40943
0.518074
0.711646
-0.933511
0.341294
0.303487
0.691306
-0.0713986
-0.695012
0.213286
-0.927243
1.29599
0.0424791
1.09557
0.508465
0.0030253
0.492065
0.635132
-0.115018
-0.416619
-0.833299
0.763997
-0.653354
-1.19694
-0.531339
0.526821
-0.673548
-0.348258
0.0932961
-0.981689
-0.107165
-0.213865
0.211359
0.251152
0.0163202
-0.428968
-0.361711
0.8848
0.33455
1.78212
-0.953505
0.478694
1.08425
-0.252996
-0.499368
-0.559632
-0.96916
0.275307
-0.3683
-0.902459
-0.613578
0.172029
0.598448
0.883524
-0.0175964
0.464402
0.299235
0.602773
0.888258
0.103853
0.218419
-0.866713
0.586352
-0.0629182
0.0405525
0.178937
0.132931
0.775304
0.167911
-0.83728
-0.976551
-0.40025
0.468644
-0.611672
0.963898
-0.197052
0.71141
-0.595011
0.541229
0.247259
0.842266
-0.669752
0.193799
0.964128
0.825154
0.919151
-0.651498
1.04458
0.603067
0.994803
0.778133
0.900013
0.181712
-0.595535
0.195304
-0.470016
-0.527929
0.397682
0.576213
-0.530713
0.516153
-0.270718
-0.961013
0.571613
0.780037
0.0751622
-0.492
0.387272
0.0979766
0.495834
-0.414237
0.629336
1.03227
-0.913612
0.225048
0.512288
-0.523918
-0.733384
-0.483374
0.377859
0.911154
0.119725
-0.31803
0.513139
-0.542038
0.181692
-0.534183
-0.638041
0.942076
-0.397797
-0.783723
0.537998
-2.09054
-0.544026
-0.954648
-1.03617
0.277543
-0.24911
0.0442108
-0.213495
-0.90019
0.430743
0.374769
-0.526481
0.135893
0.615311
0.132044
0.012201
-0.790086
-0.0176953
0.155189
-0.168005
0.685628
0.0736391
-0.818744
0.476431
0.43299
0.515824
0.638181
0.719499
-0.446866
0.728752
0.328965
0.761153
0.657217
-0.529312
1.04592
0.754333
0.84316
-0.00473223
-0.0571997
-0.884588
-0.349197
0.829783
-0.0150317
-0.686079
-1.01485
0.416516
0.418985
-0.803462
-0.870873
-0.0760729
0.228432
1.31396
-0.50456
-0.812042
-0.744062
-0.302371
-0.520642
0.994607
0.21732
-1.00058
0.859496
0.237435
-0.13657
-0.960056
-0.127476
-0.216215
-0.329346
0.807054
-1.09014
1.24269
-0.845536
0.33494
-0.412828
0.882704
0.149907
-0.386633
-0.424208
0.609486
-0.114584
-0.104379
0.287462
-0.866585
1.1273
0.325907
-0.0858869
0.154676
0.398307
1.15261
0.554453
0.629445
0.0826981
0.678462
0.246596
-0.415335
0.0882479
-0.419233
0.114058
0.560911
-0.507402
-0.112625
-0.317787
1.04352
0.296843
0.456642
0.261729
0.112024
0.756697
-0.173184
1.01991
-0.626181
0.340959
0.76484
0.682083
0.865266
0.00644936
0.317229
0.252151
0.743742
0.397816
-0.798264
-0.844224
-0.580943
0.670426
1.22114
0.173075
-0.986432
0.318656
-0.9602
0.112705
0.10006
0.221493
-0.87648
1.55675
-1.14955
0.424152
-0.689006
-0.83871
0.406011
0.353185
-0.322795
0.814212
-0.269374
-0.160819
-0.523436
0.352273
-0.115883
0.027185
0.0296478
0.390963
-0.0258485
-0.554219
-0.51301
-0.213743
-0.0559507
0.666435
0.381521
1.0345
0.166909
0.235358
0.0468717
0.375171
0.474349
0.882893
0.283416
-0.273016
-0.554508
0.841616
0.952931
0.297122
-1.00644
0.80753
1.40612
-0.932992
-0.0873054
0.826581
-0.870965
-0.553335
-0.565127
-0.660615
0.211925
-0.758213
0.407575
0.274358
0.728671
0.360022
0.825772
0.540421
-0.393534
0.631966
-0.170682
0.735578
0.44158
-0.607216
-0.749625
-0.223487
-0.633697
-0.215043
-0.609064
1.19994
-0.505558
-0.422567
-0.536736
-1.07783
-0.586257
-1.07199
0.832608
0.826083
0.961691
-1.03927
0.0794454
-0.389664
1.0035
-0.0242991
-0.0741585
0.735894
-0.523473
-0.00198217
-0.873263
0.439431
0.577616
0.726772
-1.01253
0.216403
0.302842
0.443515
0.495629
-0.53799
0.819819
0.585688
-0.249966
0.106367
-1.14138
-0.131706
0.305038
0.284367
-0.961847
0.53541
0.483401
1.05688
1.7767
0.402917
-0.400037
0.32635
-0.28688
-0.672238
0.37517
-0.939802
0.699618
0.892966
-0.429061
-0.624718
-1.13014
0.506865
-0.923008
0.0410457
0.429517
0.574904
-0.167651
0.962785
0.320976
-0.409406
-0.0750524
1.07631
-0.841043
-1.33071
-0.627827
-0.903169
0.790585
-0.347467
-0.196293
1.10016
-0.721754
1.28829
-0.57024
0.78356
0.126893
-0.73856
-0.51369
-0.475485
0.708043
1.00811
1.16926
0.759586
0.283113
-1.1395
-0.637309
-0.622187
0.154464
-0.293695
-0.777874
0.714821
0.223392
0.115544
0.823359
0.0505192
0.466775
0.998758
0.871618
1.19283
1.23669
-1.11774
-0.30904
-0.359772
-1.13163
1.23198
0.892519
0.628596
-0.945767
0.682194
0.194338
0.346424
0.663996
-0.839565
0.639936
-0.13923
0.289172
0.80196
0.5241
-0.758241
0.560448
0.0334556
-0.977863
-0.445025
-0.190525
-0.686057
0.902374
0.00338757
-0.509616
0.55737
0.813335
-0.310444
-0.929478
0.685008
-0.508506
0.0130072
0.670003
1.28033
-0.101843
0.433471
0.801868
0.7307
0.889052
-0.958737
0.607258
-0.221575
-0.207241
-0.77765
0.625044
-0.0664553
-0.969552
-0.643344
1.03918
-0.585131
0.659419
-0.843519
0.817045
0.753385
-0.0907286
-0.479557
0.269509
0.0837786
0.275624
-0.152479
-0.709149
0.709259
-0.487767
-0.27971
-0.570154
0.41676
0.607009
1.12306
0.398498
0.543118
-0.162037
1.3096
0.0147644
-0.664127
0.0606999
-0.956081
-0.840737
1.02358
-0.239543
0.570245
-0.296239
0.773489
-0.889143
0.0470725
-1.18535
0.384013
0.876065
-0.015518
0.474601
-0.468123
0.65238
0.244947
0.194272
-1.06961
0.920794
0.132959
0.649949
-0.387356
-0.87999
-0.259517
0.482945
-0.393641
-0.0845059
-0.951288
-0.327289
-0.0582956
0.468131
-0.0883138
0.788913
-0.140027
0.219177
-0.697385
0.7515
0.5678
0.180583
0.412533
-0.349203
0.0505053
0.0401564
0.0675574
-0.913533
-0.166802
-0.533921
0.880364
0.720671
0.928441
-0.373523
0.367922
-0.967811
0.437761
-0.497869
0.0419475
-0.689289
0.934379
-0.646765
0.497776
0.858249
0.495887
-0.788407
-0.788933
0.167903
0.767743
-0.383144
-0.304489
0.702034
0.532947
-0.745192
-0.251161
-0.0947517
0.575798
0.0661501
-0.87459
0.952651
-0.868762
0.309532
-0.486129
-0.698159
-0.796413
-0.536828
-1.03319
1.07259
-0.99299
-0.150982
-0.514447
-0.392747
0.0954066
0.132163
-0.603187
0.854224
0.19511
-0.0492963
-0.246845
-0.466335
0.94947
0.0867837
0.79233
0.593713
0.846706
0.0589559
0.610079
0.0015673
0.887803
-0.599907
0.648235
0.430358
-0.796026
0.526212
0.00695712
-0.648183
-0.938847
-1.07731
-0.0906894
0.747801
-0.493246
-0.985286
-1.03382
0.622744
0.690702
0.632988
0.397226
-0.688006
0.681327
0.836167
0.936929
-0.769114
-0.30894
-0.905045
-0.907398
-0.887502
-0.109366
0.399756
-0.26915
-0.701318
-0.122144
-0.627507
0.232644
-0.84256
-0.671455
-0.0014243
-0.249126
0.696165
-0.682363
0.805639
-0.955325
-0.941307
-0.497845
0.863583
-0.732648
-0.603284
-0.356415
0.126972
0.362718
0.790293
0.517843
0.822881
-0.797636
-0.22274
0.00715046
0.236962
0.841727
-0.832612
0.824818
0.711685
-0.450511
-0.198161
0.226341
0.247023
-0.423773
0.36012
0.871286
0.635306
0.123198
-0.440769
-0.675206
-0.604114
0.163548
-0.244844
-0.289119
-0.931225
0.171359
0.167276
0.244932
0.1956
1.0141
-0.558373
0.0368315
-1.01164
0.795787
-0.039026
0.15181
0.0274956
-0.17911
-0.272957
-0.309064
-0.5667
-0.449896
-0.850702
0.608571
0.435905
0.960892
0.311683
-0.0511778
-0.7244
0.635917
-0.950691
0.420156
0.772057
-0.316874
-0.902176
-0.337907
-0.958621
0.41817
0.496528
0.0898752
-0.878856
0.120155
0.635251
-0.0012024
0.467613
-0.0489933
0.934171
-0.690716
-0.00192989
0.47867
-1.34373
-0.0943821
-1.00597
0.153916
-0.378937
-1.18846
-0.548486
0.897326
0.145935
0.243723
-1.46599
-0.268984
1.16929
0.686589
-0.301023
-0.403143
-0.420942
-0.890613
0.712337
-0.655001
-0.609597
-0.355989
-0.471138
-0.250299
0.165743
-0.783712
-0.603751
-0.681537
-0.999041
0.0622955
-0.651323
0.65904
-0.781703
-0.50818
0.559178
-0.313749
-0.705817
-0.498679
-0.00240647
0.765696
0.0232001
0.934995
-0.826291
0.0242504
1.04716
0.463464
0.177053
0.218535
0.258435
-0.611499
0.92193
-0.813929
-0.915302
-0.339061
-0.293749
-0.224735
-0.145506
-0.654226
0.850707
-0.325139
0.459387
-1.17169
-0.877824
0.201603
0.162633
-0.271825
-0.0777811
0.994195
-0.566055
0.976252
-0.364112
0.372447
0.250802
-0.632609
-0.230786
-0.280025
-0.533998
-0.533451
-0.454335
-0.877055
-0.797447
0.478592
0.687613
0.350724
0.902329
-0.988648
0.248504
0.47707
0.46727
-0.944314
0.157891
0.538864
0.545871
1.03959
0.813619
0.445048
-0.39835
0.841797
-0.705255
-0.360521
0.397666
-0.300618
1.05961
-0.928725
-0.0845434
-0.856882
0.36257
-0.368127
-0.654007
-0.65867
-0.517074
0.803024
0.462632
-0.870266
0.0606343
-0.887692
0.929285
-0.592514
0.130862
1.53414
0.316519
0.441263
-0.457045
-0.322368
-0.132185
0.171301
0.846879
1.19374
-0.372864
-1.00435
0.643639
-0.868938
-0.160224
-0.132903
0.887042
0.324335
-0.810097
-0.0360018
-0.139198
0.188372
0.797062
-0.983771
-0.996825
-0.0838936
-0.376454
-0.438976
0.687001
0.78532
-0.376934
-0.640467
0.388744
-0.0619583
1.70905
0.0336861
-0.590014
-0.115308
-0.419664
0.202807
0.668956
-0.170403
-0.251858
1.00255
0.00980044
0.220929
0.225641
0.0746743
-0.808632
-0.736999
-0.455309
-1.0737
-0.366006
0.0562258
0.263713
-0.157366
-0.836984
-0.0542874
-0.726177
-0.468698
0.554494
-0.11982
1.05417
-0.558092
-0.774486
0.287465
-0.470875
-2.20156
0.566797
-0.0655829
-1.29328
0.926933
-0.227676
1.7002
0.110313
-0.46301
-0.298308
-0.0485122
-0.542272
-0.163958
0.251215
0.739371
-0.249716
-0.0856193
0.373958
1.08491
-1.02443
-0.858515
0.524422
0.696976
0.509588
-0.310825
-0.029554
-0.904856
-0.145103
-0.697
-0.313761
0.837373
-0.307056
-0.379508
-1.60771
0.105941
-1.29532
-0.348059
-0.647761
-0.6198
0.411828
-0.809545
0.166817
1.03475
0.612537
-0.212716
0.967253
-0.967541
0.0261673
-0.0859165
0.463277
-0.754973
1.57028
-0.477614
-0.478313
0.720665
0.640896
0.582057
0.604332
-0.968853
-0.594702
-0.379224
0.831111
0.718925
0.00291357
0.699685
-0.48779
-0.00740941
0.393249
-1.5562
1.22397
-1.00328
-0.399044
0.374314
0.303776
-0.257845
-0.032167
-0.724389
0.8222
-0.738888
-1.28006
0.892218
-0.209134
0.585726
-0.980907
-0.175461
-0.164418
0.351901
0.130693
0.647999
1.003
-0.572185
-0.119583
0.599958
-0.69136
0.855482
0.0767541
-0.532391
-0.670598
-0.591035
-0.822092
-0.838561
-0.446557
0.80116
0.147167
0.505215
0.437013
0.42491
0.0698888
0.893139
0.83082
1.15538
-0.349279
-0.859025
-0.82488
0.804416
-0.267982
0.970573
-0.574559
0.460423
-0.427737
-0.673585
0.381671
1.07278
0.190181
-0.216919
0.259076
-0.383457
0.0159083
0.0556962
0.611348
0.776914
0.493246
1.36236
0.0714888
0.268034
-0.134748
-0.349493
-0.811867
2.14319
0.536984
0.400202
-0.484851
-0.593228
-0.15614
-1.14692
1.69443
-0.504485
-0.192258
-1.04765
1.31902
0.760487
0.217833
-0.383166
0.753292
0.533783
-0.0347261
0.611713
0.54782
-0.717393
-0.300327
0.92298
0.418805
-0.63901
0.977104
-0.905034
1.46414
-1.00979
-0.481539
-0.586526
0.0712093
0.19985
1.45564
-0.663398
-0.939409
-0.412503
-0.874065
0.139632
-0.935576
-0.155307
0.639893
0.0132861
-0.349447
1.60436
1.31996
-0.972963
-0.372532
0.724151
-0.0501144
-0.193591
-0.115537
-0.122313
0.516197
0.0553656
-0.871207
0.658437
0.113118
-1.0852
0.0188289
2.62068
-0.403139
-0.463829
0.20138
0.495945
0.123864
0.172505
0.557923
-0.337195
-0.720889
0.0777715
-0.979795
-0.47261
0.920519
0.600875
-0.256226
0.702722
0.548598
-0.638329
-0.491109
0.0649384
0.167338
-0.230832
0.578182
0.563111
-0.0186011
0.591632
-0.628937
-0.94942
-0.781487
-0.925588
-0.508958
-0.487544
1.28781
-0.418489
-0.773858
-0.753161
0.178983
0.783446
1.89719
-0.818755
1.18903
-0.449766
-0.724952
-0.0849935
-1.23717
1.81484
0.0819324
-0.20527
-1.2481
-0.00398385
0.802584
-0.0103203
-0.533426
-0.308935
0.080123
1.33409
0.455851
-0.498268
-0.226935
0.949303
-0.774611
-0.200842
-0.00128961
-0.2048
-0.342895
0.984557
-0.753171
-0.971814
-0.00342977
0.98856
0.00484334
0.89222
-0.0164096
-0.0354271
0.140748
-0.161888
0.65042
-0.87637
0.763538
-0.697372
-0.494362
-0.631662
-0.375648
0.408026
0.539688
0.0248853
0.0406524
0.317081
0.522748
0.369356
-0.848104
0.578605
-0.245778
0.775077
0.0400708
0.931929
-1.00316
0.450862
0.533284
-0.206753
0.36046
0.279265
-0.777512
0.507337
0.132648
-0.797631
1.03306
0.682284
-0.512533
0.200677
-0.657338
-0.177727
0.499007
-0.201834
-0.244103
-0.911089
-0.35687
-0.963344
-0.577254
-0.59208
0.329055
-0.0806932
0.355059
0.289095
-0.992359
-0.295624
0.873469
-0.358623
-0.383013
-0.790488
-0.263042
-0.129165
0.44964
-0.890097
0.137513
0.0856004
0.579068
1.47034
-0.773992
0.279994
-0.364452
0.405868
-1.23505
0.232805
0.604176
-0.757152
0.451181
-0.108306
0.36085
0.978286
0.32622
-0.0998052
-0.920955
0.354453
0.0892296
-0.429756
0.134042
0.451306
-0.886157
-0.918171
0.0939054
0.470646
-0.568573
0.587938
0.202151
0.286553
-0.811146
0.810527
-0.428985
-0.742465
0.697156
-1.14242
0.346898
-0.681038
0.358311
0.238919
0.269631
0.969062
0.497653
0.138677
-0.202762
-0.570681
-0.311372
0.626181
0.833576
-0.14254
-0.560226
0.739094
0.0132855
-0.431609
-0.149155
1.0453
-0.196338
0.895993
-0.552284
0.438506
0.151218
-1.49393
0.842748
0.19304
1.17112
-0.961761
0.40301
0.464493
-1.0122
0.937739
-0.640164
-0.588285
0.534291
1.11761
0.392972
0.816303
0.103271
0.963467
0.620249
1.02306
0.201355
0.432032
-0.626601
0.520968
-0.751293
-0.455652
0.111374
0.302514
0.737509
0.814783
-0.872555
-0.203788
0.434505
-0.0236405
-1.40372
0.163239
-0.143832
1.28133
-0.141781
-0.181187
-0.353494
-1.13852
-0.76329
0.60485
-0.96987
-0.555246
-0.625999
-0.241354
-0.101521
-0.328327
0.0740769
-0.668693
-0.347805
0.293993
0.672677
0.793288
-0.0882568
0.160927
-0.657218
0.796722
0.372239
-0.254885
0.508759
0.206763
0.205401
0.954707
0.365147
-2.43287
-1.17799
-0.241675
2.04009
-0.368975
-0.874855
-0.742029
-0.391192
1.15242
0.474276
0.346142
-0.698722
-0.77896
-0.466033
-0.0346689
0.31351
-0.698112
-0.142958
-0.655177
0.964179
0.366946
-0.905349
-0.980709
0.682194
0.720747
0.220337
0.371774
-0.693699
0.417527
0.225501
0.333813
1.1679
-0.857998
0.142474
0.489004
0.687848
1.23052
0.113624
-0.583027
-0.0274263
-0.000477376
0.290938
-0.766589
0.199009
0.848166
0.556757
0.622139
-0.0921588
1.00525
0.483228
0.499199
-0.347689
0.365413
0.430144
0.915148
0.673919
-0.0508492
-0.782912
-0.645824
-0.488417
0.979344
0.736356
-0.500473
-0.561535
0.733712
-0.138353
-0.0521255
0.508687
0.560563
-0.809572
-0.386955
0.21471
-0.715595
0.71614
1.19739
0.100751
-0.277144
0.544638
1.02057
0.177061
-0.316898
-0.00139066
0.393974
0.574476
-0.219951
-0.0685067
-0.510746
-0.723403
-0.860794
-0.713685
-0.154868
-0.669773
0.200416
0.760825
-0.434534
0.635182
0.212993
0.824593
-0.795568
-0.531049
-0.397712
0.460956
-0.259234
-1.08431
-0.16333
-0.603359
0.742043
0.297434
-0.386938
-0.867782
0.703049
-0.328364
0.562736
0.676123
0.584588
0.318749
-0.482709
-0.751814
0.468662
-0.20154
0.331854
0.44915
0.721868
0.477062
0.735488
-0.139888
-0.0313945
0.489014
0.515427
-0.22339
0.397806
-0.452236
0.640149
-1.02782
0.546042
0.396141
-0.12404
-0.490223
-1.18016
-0.593309
0.662459
0.590905
-0.397258
-0.208626
0.0859456
0.416393
0.119051
-0.322438
0.461339
1.21306
-0.594689
-1.38305
0.799211
0.193133
0.21641
-0.480642
0.537265
0.742399
0.572771
-0.0907606
-0.761355
0.264809
0.973133
0.205282
-0.00166246
0.113285
-0.053455
-0.501282
0.302993
-0.615872
1.0437
0.20567
-0.343422
0.179737
-0.247752
0.264045
1.35847
0.878013
-0.561448
0.535065
0.0710282
0.994264
1.0527
0.0351747
-1.65494
-0.439766
-0.350947
0.588367
-0.781356
-0.499109
-0.210588
0.751641
0.685538
-0.464985
-0.355693
-0.57593
0.779978
-0.509234
1.06693
0.399894
-0.676832
-0.156243
-0.875305
-0.190913
-0.744575
0.407206
1.52607
-0.405733
-0.941928
1.22798
0.473145
0.0446379
0.104301
-0.253876
-0.635322
-0.399395
0.336421
-1.74626
-0.331891
-0.339186
-0.710082
-0.333286
-0.60164
0.521997
0.101962
0.16724
0.893698
0.320902
0.427595
0.0728033
-0.85658
0.567748
-0.917901
-0.157532
1.27095
0.160186
-0.356229
0.300537
-0.77872
0.236228
-0.5214
0.0514032
-0.127842
0.00178181
0.525906
0.440926
0.393035
0.186513
-0.562806
0.695782
0.035124
-0.740484
-0.525157
-0.00166257
-0.355424
1.22256
-0.0289717
0.479715
0.283575
0.628134
0.225196
0.686188
-0.607744
0.995915
0.633898
-0.385128
-1.10771
-0.80199
0.769751
0.994934
0.329074
-0.824857
-0.588057
-0.209606
-0.253035
0.0404
0.358966
0.772952
0.189337
0.725878
0.0936557
1.00357
-0.690085
-0.799806
-0.475388
-0.0372153
-0.359748
-0.408053
0.925791
0.65795
0.616913
-0.141704
-0.0423016
0.897519
-0.940309
0.430721
-0.398948
-0.668473
-0.658779
-0.041092
-0.0698671
-0.952787
0.775833
0.0583641
0.587757
0.653922
0.292622
-0.729592
-0.00693386
0.207108
0.814245
0.962982
0.898676
0.0647869
-0.600039
-1.10625
-0.111949
0.876862
0.228573
0.203712
0.343323
-0.22662
0.570922
-0.34616
0.785885
-0.706072
0.935911
-0.876029
-0.380052
-0.312552
0.466533
-0.788541
-0.56404
-1.38233
0.617476
0.0085036
-0.0806684
0.901618
0.452717
0.283988
-0.138562
0.814961
-0.251073
0.305139
0.219019
-0.644074
-0.198906
1.16158
1.33131
-0.148577
0.779609
0.415247
0.903038
0.675446
-0.585904
0.190741
-0.0850567
0.752447
0.698087
0.458357
0.388927
0.00966734
-0.207166
1.69089
1.1255
-0.117223
-1.07497
0.18688
0.388427
1.16035
1.01426
0.859365
-0.316052
-0.00964336
-0.149948
0.36817
-0.5372
-0.694722
0.411632
0.434139
0.663752
0.707747
0.862036
1.16942
0.0724421
0.0332061
0.163732
-0.871339
0.623613
0.649886
0.185563
-0.438071
-0.989319
0.831399
0.506616
-0.800557
-0.121008
0.829817
-0.477097
0.423212
-1.00273
-0.32505
-0.0528646
-0.797287
-0.298211
-0.845458
-0.567754
0.516819
0.0562339
-0.128843
-0.10952
-0.806424
0.754796
0.256974
0.0255184
0.778485
0.351512
-0.0102869
0.748451
0.326431
-0.592289
-0.537048
-0.691847
0.300026
0.343699
0.315653
0.545795
0.184312
0.0226992
-1.1656
-0.0609053
0.0493768
0.91033
0.823162
-0.928209
-0.633497
-0.833961
-0.486967
-0.304313
0.85892
1.00826
0.341592
0.0336521
-0.15906
0.835343
0.422539
-0.606369
0.732027
-0.533826
0.326143
0.490905
-0.530355
-0.860399
0.330788
-0.809009
-0.393002
-0.253149
0.974886
-0.959166
0.892225
0.555223
0.553737
1.40792
0.52803
0.606491
-0.699863
-0.767112
0.186121
1.18502
-0.758917
-0.0803191
0.42088
-0.353292
-0.212174
-0.308579
1.32315
0.892749
0.85051
0.633424
0.519338
1.35958
0.129584
-0.233624
1.17722
-0.13956
1.13346
0.474679
0.0010071
-0.755235
0.507631
-0.885962
-0.353069
-0.024162
-0.485435
-0.968885
-0.563803
0.595267
0.0464654
0.717633
0.30694
-0.244929
-0.0813904
-0.935551
-1.03695
0.0867548
-0.996381
0.724895
-1.14595
0.790509
0.61541
-0.588601
0.115703
0.260351
0.956255
0.568518
0.810123
-0.259568
0.29669
-0.234321
0.32977
0.23587
0.303976
0.931059
0.1562
-0.709769
-0.307044
0.614811
0.556219
-0.183283
0.580722
0.506451
-1.17613
-0.875843
-0.916228
1.29384
-0.338761
-1.63364
0.325894
-0.639873
-0.140758
0.441846
0.374949
0.971152
-0.68925
0.374196
-0.549848
-0.843205
-1.32728
-0.192256
0.415304
0.544438
0.923154
0.456984
-0.354153
-0.109678
0.297136
-0.730848
-0.431745
-0.639915
-0.397412
0.242441
-0.526888
2.14264
-0.464798
1.68994
0.167148
-0.821526
0.726993
-0.376145
-1.33036
-0.163013
-0.706361
-0.774187
-0.714941
-2.01531
-0.455629
0.17822
0.885114
-0.590664
-0.353368
0.520518
0.454822
-1.45126
0.587914
0.728883
-0.71481
-0.802844
-0.0394666
0.203993
-0.0427187
-0.9588
0.33023
1.17861
-0.159374
-1.39256
1.33463
0.58825
-0.280047
1.06647
0.216915
1.09439
-1.05507
-0.643314
-0.868298
-0.444271
-0.22327
0.302973
-1.24249
0.689547
0.0835275
0.942357
-0.23761
0.503653
-0.57402
-1.08879
-0.728492
-0.578937
1.24909
0.872826
-0.592459
0.628881
-0.0112056
0.210709
0.531724
-0.943673
0.441654
-0.0767291
-1.19188
-1.10781
0.0946427
-1.43006
0.916662
-0.868693
-0.970572
0.393349
0.389993
-0.288427
-1.08555
1.29428
0.246672
0.448109
0.611361
-0.908124
-0.853121
-0.416087
-0.259677
-1.69738
-0.6129
0.651898
-0.226719
-0.672971
0.802972
-1.39348
-0.282273
-0.595547
0.556412
-0.277993
-0.243528
-0.372509
-0.280086
1.44999
-1.26584
-0.447255
0.0191984
0.280682
0.0332395
1.1477
-0.558251
2.21678
-0.663875
-0.422027
0.264894
-0.533792
2.05489
0.806507
0.397124
-0.684938
0.958837
-0.183795
0.0869461
-0.157254
1.0209
-0.342931
-0.948329
-0.644192
-0.233995
-0.46396
-0.205133
-0.841211
0.103855
0.682406
0.921688
0.253639
1.30924
0.030078
0.656752
0.0600059
0.76932
0.473515
1.85654
0.361586
2.44302
0.142785
-0.336008
0.250749
0.777186
0.279906
-0.431399
-0.862593
-0.336833
-0.0223634
0.119999
-0.643133
0.260693
0.569249
-0.839322
0.300312
-0.274225
0.0635712
0.526838
-0.018495
-0.441846
0.713553
0.554013
-0.0500501
-0.844916
-1.80771
-1.02936
0.325287
0.0780754
0.236386
0.122366
1.74966
-0.393631
-0.117871
0.0598076
0.739176
0.316876
0.0813105
0.0394623
0.344424
-0.0675446
0.355673
-0.367363
0.117026
-0.25236
0.379221
1.43502
-0.735502
-1.20336
-1.06803
-1.38474
-0.279678
-0.602434
-0.538684
0.246071
-0.94087
1.63778
0.526173
5.9323
-0.869101
0.714333
0.925968
-0.35945
0.744883
0.100053
-0.657594
0.814522
-0.456901
0.332012
0.0577927
0.327326
0.968261
-0.844357
0.0793296
0.375116
1.11414
-0.49712
-0.984651
-0.421861
1.46927
0.996887
-0.568381
-0.369262
-0.876697
0.639341
0.0183306
0.498006
-0.967528
-0.366536
0.0903351
0.983377
5.38489
-0.294877
1.37293
-0.0853991
-0.308262
0.870312
1.7169
-0.411112
1.26691
0.310781
0.293605
-0.205693
0.464432
1.06086
-0.0798325
0.343519
0.430796
1.3216
-1.7566
-0.971776
-0.284026
0.995962
0.82752
-0.500736
0.212552
-0.0437831
-1.04958
-0.528859
0.271246
0.816218
0.651538
-0.43183
0.569529
-1.8945
-0.419529
-0.0179883
0.0632577
0.118522
0.629765
0.982935
-0.972257
0.252218
0.955913
-0.777557
-0.834034
0.926052
0.534753
-0.155013
-0.175797
0.457588
-1.34251
1.13993
0.1054
0.671673
0.527702
0.558486
-0.995089
0.588246
0.490823
0.199639
0.577132
0.107866
-0.203284
0.488486
-0.248922
0.476635
-0.132396
-0.0615416
1.84083
-0.117191
0.599219
1.05934
-0.0164245
0.763665
-0.0458081
0.38776
0.853068
0.988338
0.161073
0.530414
-0.817133
0.279027
-0.356937
0.723974
-1.14909
-0.0557833
0.143364
-0.0668116
0.871071
-0.602073
0.0743926
-0.304462
0.189
-0.472168
0.734474
-0.610645
-0.352063
-0.17519
-0.77012
-1.39814
-0.537971
0.466887
-0.132837
-0.32076
0.959486
1.06228
-0.144008
-0.180574
0.437507
0.176304
0.148371
-0.857931
-0.274646
-0.500986
-0.733185
-0.901374
0.0601662
-1.60647
0.493599
0.601977
-0.00542426
0.0702764
-1.79827
1.13327
-0.681744
-0.0938286
0.949423
0.842435
0.739433
0.0859744
0.184337
-0.48884
-0.721547
0.733214
-0.899161
0.807951
-0.720169
-0.847093
-1.60909
0.0218393
-1.14401
1.12799
0.651504
-0.483232
0.233781
-0.500769
0.707593
-0.639942
-1.04695
-0.286843
-0.554784
1.0052
-0.791151
-0.11023
0.756978
-0.568673
-0.199058
-0.67045
-0.848686
-0.130977
-0.695296
0.907102
1.02481
-0.707334
0.687411
-2.33594
0.671474
-0.402061
1.24679
1.03312
-0.827933
-1.80794
-0.839551
-0.37344
0.612932
0.322478
-0.279491
0.766502
0.476074
-0.104961
-0.388612
-0.0993854
-0.498548
-0.568171
0.401405
0.739627
-0.592771
0.631138
-0.425807
1.06455
0.339249
-0.724584
-0.0583833
0.776677
0.311014
0.368116
-0.700102
0.304434
-1.9264
-0.159141
0.591734
1.48066
0.677488
0.892569
-0.825496
0.186318
0.123639
-0.0329415
-0.317574
0.436167
-0.723298
-0.925396
-0.274513
-0.425074
-0.4202
-0.38411
1.09631
0.812338
-0.107913
-0.404073
0.632245
-1.52992
1.1416
1.16468
0.276695
-0.858501
-0.389362
0.352702
1.00798
-0.565893
-0.26949
-0.216683
-0.454295
-0.638017
0.597363
0.966443
0.107912
-0.694377
-0.943684
0.445963
-0.0250007
0.447882
-1.3313
0.925785
0.80968
0.188591
-0.287055
-1.1275
-0.667723
0.247077
0.358103
0.4026
0.277854
-0.3101
-0.528103
-0.2946
-0.689151
-0.693857
-0.369163
-0.754594
0.331645
0.457976
0.200524
0.234571
0.103781
-1.00562
0.930098
0.566065
1.07909
-0.613509
-1.43316
0.400633
1.27191
0.299561
-0.552594
0.478033
-0.306718
0.516295
-0.542217
-0.119552
-0.34621
-0.91705
0.491832
0.00112662
-0.427702
0.101099
-0.558947
-0.418366
0.0647483
0.475158
0.512613
0.813096
0.14835
-0.122227
0.624626
0.803204
-0.936645
-0.789874
0.658125
0.818846
0.161594
-0.830661
-0.899307
-0.944347
0.332508
-1.04069
0.070954
0.630753
-0.00913878
-0.554988
-0.651133
0.00227846
0.696565
-0.750232
-0.294598
-0.920369
-0.0385917
-0.000117844
-0.503238
0.30916
-1.56103
0.753793
0.310203
-0.929861
0.706409
0.900348
-0.0105289
-0.257276
0.519701
-0.252586
-0.205728
0.402834
0.32052
0.680537
-0.265473
0.914444
-1.0629
0.395703
-0.120311
-0.387365
-0.453698
0.0136685
-0.0627418
-0.748204
0.156207
-0.549448
0.60488
-0.336748
-1.00051
0.511809
-0.226053
-0.342307
-0.544326
0.302988
1.0065
0.259921
0.409941
1.05474
-0.0488461
0.80401
0.255602
-0.726656
0.658667
-0.024269
-0.056479
0.727539
0.375061
0.235812
0.990657
-1.39005
0.758985
0.528782
0.0718987
-0.16619
-0.0934147
0.267909
-0.141136
-0.106268
-1.0076
-0.913283
0.0622718
-0.693559
-0.866043
-0.926539
-0.172547
-0.602484
-1.18553
0.998448
-0.591016
0.412476
0.20839
-0.884521
-0.531297
0.664052
0.820537
-0.792745
0.670987
0.654005
-0.617328
-0.527622
0.737404
0.85672
-0.349653
-0.230994
0.101075
0.694327
-0.748311
0.538515
0.126585
-0.620834
-0.477018
0.595961
-0.855013
-0.0273334
0.268158
0.548281
0.656963
-0.472393
0.10888
-0.0739964
-0.170513
0.0258422
0.808306
0.469597
0.863299
0.962035
0.356173
-0.426215
0.176844
-0.419638
-0.352777
0.441413
0.556142
0.0313494
-0.954834
-0.81609
-0.0611356
-0.458272
0.884543
-0.354875
-0.396475
0.759389
-0.218526
-0.297008
0.0847612
1.23782
0.723683
-0.350351
-0.815292
-0.553011
0.449273
-0.744318
1.21667
-0.363704
0.677822
-0.00821211
-0.461527
0.978704
-0.114231
0.505162
-0.668858
-0.135099
0.736786
-0.421572
0.750291
-0.416963
-0.531093
-0.0407799
-0.662015
0.725457
1.159
0.499348
-0.696326
0.278961
0.599065
0.30637
0.722236
-0.754783
-0.627671
-0.315596
0.966487
-0.399202
1.19794
0.276236
0.263849
0.341681
0.441553
0.229831
-0.503221
0.814878
1.01347
-0.853328
0.685304
-0.239454
-0.0346301
-1.07817
0.766889
0.747249
0.600198
0.746896
0.812607
0.127713
0.462667
0.118576
0.80369
-0.957984
-0.729788
0.506527
0.678745
0.366992
0.509033
0.405537
0.0825431
0.0929137
0.326728
0.981949
-0.765028
0.659412
1.29388
-0.297916
-0.0603832
0.304118
0.630251
0.65577
0.762139
-0.929011
-0.403384
-0.73615
-2.17696
-0.97483
1.00661
-0.247889
0.765195
0.078957
-1.19208
-0.902933
-0.345442
0.77324
-0.00145637
0.35698
-0.379352
0.464912
-0.174845
-0.508526
0.66194
0.566681
-1.14587
-0.0764964
-0.388957
-0.019163
-0.22404
-0.69822
0.302118
-0.843926
0.899241
0.718787
0.644848
-0.687674
-0.544201
0.846979
-0.759127
-0.389113
0.888754
0.659639
1.51656
0.446021
0.294482
-0.257813
-1.10827
-0.650811
0.577239
-0.361617
0.160443
0.455335
-1.22116
0.932075
0.311361
-0.819715
-0.430395
-0.838602
-0.507967
0.109722
0.333695
0.0102589
-0.58177
0.513779
-0.23595
-1.01147
-0.7751
-0.774577
0.220191
0.104898
-0.00619898
0.577662
-1.00829
0.915482
-0.912811
1.0847
-0.462527
0.777385
0.944072
0.300464
-2.22954
-0.796118
0.523272
-0.906794
-0.69483
-0.608477
0.635323
-0.00401033
0.254526
-1.08069
0.356861
0.767562
-0.556749
-0.532109
0.0841906
0.645475
-0.168589
-0.375146
-0.319095
0.0550005
-0.554671
-0.236854
-0.695444
0.00561568
-0.906678
-2.2176
-1.27801
-0.782428
-1.96824
0.582299
0.650337
0.641625
0.895943
-0.32821
0.693427
-0.846305
1.50071
0.792763
0.332892
-0.841672
-0.969482
0.203149
0.270604
0.890045
1.22834
-0.157986
1.1265
0.698993
-1.12861
0.164069
-1.11904
0.0959122
-0.992411
-0.745053
-0.298379
0.616232
-0.716122
0.76332
0.858827
-1.68956
-0.475868
-0.290404
-0.420562
0.904185
-0.107235
-0.187099
0.871455
0.218539
0.32787
1.16722
0.861797
1.57558
-0.0916912
0.220395
-0.774522
-0.106568
0.0895076
0.495567
0.971121
0.86786
-0.619817
-0.0597353
-0.173689
0.263288
-0.295697
-0.565939
0.0666033
-0.746269
-0.425957
-0.362581
0.113094
1.49651
-0.140303
-1.09493
-0.343604
-0.258129
-0.214006
1.97886
-0.448506
1.01345
-0.564921
0.809889
-0.344748
0.215189
0.582895
-0.21552
-0.723153
0.436529
0.0831124
1.36421
1.04134
0.936691
0.0679841
-0.312973
-0.61427
-0.413255
0.375715
0.424313
0.258698
-0.311621
-0.473617
0.0740799
1.03954
0.459391
-2.65847
-1.19696
-0.419148
-0.419351
0.260811
-0.161292
-0.592727
0.103802
-0.835744
-0.510888
-0.231346
1.21847
1.15407
0.350019
0.710115
0.726002
-0.391407
0.276929
0.406375
0.411605
-0.383066
0.902278
0.127136
-0.114309
-0.214293
-0.615985
-0.535065
1.00884
-0.807171
0.855342
0.223299
1.45691
-0.973555
3.49626
-0.461763
1.01735
-0.542068
0.574592
-0.749851
1.32921
-0.474633
1.41809
-0.0190832
-0.327764
-0.0998002
-0.399071
0.534756
0.656597
0.55786
-0.478123
1.85463
-0.822185
0.231898
-0.128812
0.995758
0.644684
-0.562442
-1.17478
-0.27626
0.474791
-0.133135
-0.150511
-0.711966
-0.363339
1.46754
-0.753098
3.86118
0.291128
0.337821
-0.502966
0.158348
0.164932
0.766856
0.421086
1.41331
-0.209047
-0.213567
0.811929
0.268118
0.507795
0.137331
-0.625178
-0.728988
2.01745
-0.530241
-0.49618
0.501642
0.616436
-0.200206
0.114394
-0.469618
0.648421
0.541835
0.360232
0.737349
-0.0844447
0.72166
-0.83229
0.980951
0.933842
0.0200109
1.37202
-0.229793
0.685608
-0.695398
-2.32663
-0.444259
-2.0573
-0.328276
-0.417172
-0.0130369
1.087
0.606334
1.0478
0.0981487
-0.32305
-0.604933
-0.0690656
0.636681
-0.632609
-0.0961259
0.955345
1.21662
-0.232476
-0.758403
-0.995346
0.344309
1.01591
-0.838801
0.719594
0.332607
-0.288779
1.36094
0.963394
1.746
1.13066
0.894169
0.358158
-1.3954
-0.215524
-1.10519
0.0174315
-0.701741
0.619502
-0.977062
-0.465888
0.653613
0.0989795
-1.05113
-0.303951
0.193815
0.163542
0.882489
-0.932296
0.573672
-0.967263
0.0661888
-0.338394
0.765527
0.655983
1.07323
0.696341
-0.622392
1.18334
-0.754407
1.53662
-0.922709
1.47124
0.816338
0.256253
1.04046
-0.32845
0.224991
-0.895973
0.371498
0.243113
0.508728
-0.776933
-0.882277
0.418094
0.636581
0.583232
-0.221673
-1.29719
1.05286
-0.802806
-1.00587
0.315574
-0.833646
-0.831929
-0.126182
-0.5713
0.788273
0.702401
-0.0638142
0.0833146
-0.06176
0.816971
2.71505
1.06841
-0.281986
-0.106407
-0.47558
-0.336912
0.256501
0.575884
-1.46399
0.0660801
0.145194
1.01753
-0.423115
0.368553
0.490492
-0.112433
-0.111134
-0.220292
1.15776
0.613621
-0.209592
-0.27238
0.531114
0.874615
0.0686229
0.812213
0.261851
0.711808
0.294589
-0.445174
-0.423533
-0.577128
-0.61794
-0.781191
0.345872
-0.583133
1.165
0.523613
-0.590716
-0.874121
-0.826396
-0.0202543
-0.120816
0.323212
0.506187
0.471446
-0.191954
-0.337479
0.672881
-0.0267045
0.295065
-0.371102
-0.333722
0.477912
-0.349429
-0.980246
0.0660976
-0.286792
-0.810545
0.77058
-0.032644
0.816275
0.240761
0.685035
-0.763586
-0.348502
0.00771083
0.740926
-0.444043
0.342991
-1.04832
-0.231385
0.0837413
0.411822
-0.657433
-0.620436
-0.408654
0.0823646
-0.534937
0.294432
0.5495
-0.555102
-0.721484
0.298363
0.0156274
0.0471903
-0.157132
0.340129
-0.450062
0.933336
1.05104
-0.209277
-0.553232
0.711961
-0.699282
-0.89581
-0.477194
0.766251
-0.301078
1.14602
-0.579153
-0.357121
0.305195
1.0812
-0.468019
-0.830994
-0.511907
0.0474081
0.248128
0.494465
0.0233453
0.469897
-0.282631
-0.635014
-0.847486
-0.767572
0.845573
-0.912481
0.246729
-0.449169
0.121259
0.730326
-0.6219
0.731819
0.413364
0.0631008
-0.821918
-0.585935
0.209021
-0.411185
0.0365124
-0.940917
0.212031
0.150096
0.996167
0.32228
0.751478
0.85794
-0.332438
0.326771
0.784567
-0.0234147
0.66416
0.616581
-0.854444
0.801654
0.350538
0.551224
0.0033997
0.125307
-1.23426
0.418622
0.411106
0.872685
-0.692661
-1.44497
0.3092
-0.689776
-0.14672
0.241459
-0.187522
-0.116123
-0.0726465
-0.432913
-0.895241
-1.65319
0.78105
0.310275
-0.368033
0.638545
0.758345
-0.427628
-0.452449
-0.337398
0.275657
0.185825
1.58383
0.157391
-0.987168
0.670554
-0.858772
-0.921916
0.281118
0.159413
-0.581151
0.722237
-0.535533
0.698679
-0.149497
-0.531553
0.9142
0.430177
0.220627
-0.02172
-0.935789
-0.942542
0.0855146
-0.992045
-0.504409
0.193
-0.00893615
0.143697
0.772589
0.129249
-0.543546
0.782275
-0.312625
0.791372
0.666637
0.543705
0.745731
-0.813878
1.03267
0.181017
-0.0327378
-0.757807
0.182155
-1.09755
-0.674298
0.193296
0.900556
0.0347628
0.220497
-1.25509
-0.52626
0.572434
-0.520493
-0.0489822
-0.479266
1.02894
0.79002
-0.781891
-0.253865
0.729432
-0.346837
-0.75259
-0.729276
0.650564
-0.130937
0.119824
0.524239
-0.648509
0.741436
0.270357
-1.21612
-0.826532
-0.143119
-0.0767997
0.7168
-0.951711
0.664456
-0.547628
-0.351143
0.965239
-0.050473
0.944394
-0.816905
-0.967857
-0.601315
-0.132771
0.947142
-0.512731
0.988313
0.292619
-0.476994
0.889338
-0.057321
1.09745
-0.919178
0.766296
-0.0799011
-0.701083
-0.804095
-0.155102
-0.693163
1.13684
-0.0296454
-1.26535
0.130059
-0.693041
-0.218875
-0.0488961
-0.232245
-0.29154
0.0302138
-0.424549
-0.383195
0.608794
-0.846142
-0.654426
-0.571353
-0.863058
-0.582862
0.714042
0.0528371
-0.192752
0.561378
-1.99535
0.189684
0.992904
0.45345
0.706126
-0.601455
-1.24325
-0.467446
-1.18968
-0.557626
0.205936
0.66856
-0.323205
0.365592
0.0676617
-0.721995
0.270797
0.300059
-0.412932
0.591226
-0.174898
-0.970803
0.0421795
1.10362
0.608937
0.877882
-0.464692
0.367538
0.292382
0.0888394
0.237967
0.317309
0.351329
0.40964
-0.948893
0.520856
-0.558519
-0.259773
-0.00350869
0.647373
-1.2931
1.16939
0.629471
-0.537139
-0.157272
0.792316
1.94138
-0.933565
-0.284141
0.201566
-0.597555
0.923968
0.0524544
1.0685
0.303446
0.202329
0.760788
0.627999
0.0630264
0.35274
-0.644609
-0.138758
-0.480575
0.857543
1.39049
-0.488137
0.0237952
-0.734942
0.2499
0.135201
-0.306549
-0.0716831
0.616035
-0.797294
-0.704867
0.930897
0.965491
-0.811264
0.904211
1.29831
0.524544
-0.451274
-0.458629
0.359789
-0.0958373
-0.59514
0.933587
-0.426047
0.44002
0.602741
-0.523624
0.823977
0.530929
-0.510441
0.946721
0.354839
-0.159987
-0.158206
-0.995898
-2.16364
-0.668079
0.997043
-0.621848
-0.0414305
-0.888996
-2.03334
-1.15668
0.18908
0.0817636
-0.640601
-1.25879
0.600615
0.248867
0.273173
-0.373581
-0.270469
-0.578096
-0.570742
0.94312
0.847311
-0.796404
0.300122
0.119334
-0.89249
0.56016
0.40099
0.486293
0.749756
0.228309
0.679238
0.238443
-0.8237
0.682074
-0.231443
-1.24275
-0.246463
-0.167161
0.304072
1.251
-0.71914
0.20633
0.604231
0.369457
-1.20486
-0.885877
1.00077
-0.0142508
0.0215729
-1.09414
0.655506
1.0143
-1.08579
0.452556
0.908947
0.573724
-0.918733
-1.01184
-0.200377
0.187345
0.248445
-0.116737
0.517991
0.919468
0.819608
0.964054
0.766641
-0.257832
-0.103615
-1.73193
0.154895
0.261896
1.02015
-0.432429
-0.853587
0.0212612
-0.096541
-0.0410023
0.815455
0.196816
-0.687361
0.499997
0.149512
0.490398
0.735325
0.703227
0.86372
0.449498
-0.207404
-0.30403
-1.13884
0.44798
-1.00304
0.642699
0.957392
0.5197
0.895393
-0.441577
0.733636
-2.89388
-0.63909
-1.39032
0.317662
-0.526879
0.167846
0.628719
-0.395804
-2.01219
-0.0481166
0.878737
-0.00272885
0.249098
0.860391
0.699971
-0.0429962
-0.913108
-1.14066
0.526831
1.43221
-0.752703
0.0330893
-0.980503
0.166061
1.00429
0.856016
-0.398109
-0.0691271
0.816604
0.606006
-0.519255
0.343407
0.239804
0.423827
-0.316194
-0.556951
0.444426
0.481093
0.351409
0.889565
0.238497
0.951571
-0.677342
0.838611
-0.21412
-0.170729
0.770616
0.120228
0.055632
-0.493056
0.337279
-0.548917
0.25077
0.6072
0.503578
-0.0214351
-0.0266188
-0.26262
0.0969761
0.078183
-1.0218
1.08388
-0.804376
0.200626
1.15015
-0.64779
0.0202561
-1.08242
-0.297393
-0.267192
-0.758009
0.155737
0.382104
0.510307
0.461593
-0.858985
-0.280034
-0.230376
-0.843853
-0.507464
0.918366
-0.947695
0.446608
0.361546
0.239859
-0.0479654
0.95417
0.252967
0.882635
-1.04449
-0.130813
0.227978
-0.908129
-0.100145
-0.863953
-0.434797
0.339971
-0.757024
-0.531102
-1.10621
-0.14131
0.41919
0.370453
0.103681
-0.638556
1.51255
0.200051
0.703081
-0.448268
-0.59937
-0.627765
0.750223
-0.45672
-0.562348
0.780678
0.663668
-1.10567
-0.957263
-0.756416
0.642187
1.26584
0.193799
-0.704602
-0.648402
0.356193
0.384997
0.896766
0.87596
0.578845
0.356169
-0.37586
-0.259632
-1.10388
0.243352
0.923614
0.211761
1.14276
0.366677
0.128436
-1.19057
0.861183
-0.521255
0.408063
0.17484
-0.84004
-0.404303
-0.0947024
-0.452555
0.211898
-0.290129
-0.37025
-1.43355
0.935691
0.124448
0.246988
-1.59878
-1.15025
0.198875
0.00469406
0.218906
-0.670203
-0.468612
-0.259887
1.23289
0.784958
-1.21497
-0.731306
-0.00427581
0.365476
1.06167
-0.360575
-0.264678
-1.08647
-1.24292
0.219967
0.44881
-0.157944
0.505994
-0.144471
0.466018
0.373705
0.792992
0.582612
0.160198
-0.808206
0.02165
-1.1208
0.897403
0.317011
-0.399571
-0.335188
-0.74327
-0.0109719
0.233659
0.438765
-0.840114
-0.615593
0.585667
-0.0643874
0.361322
0.288384
-0.828045
-0.698414
-0.0582471
-0.73952
-0.449762
0.0327007
0.704572
-0.426973
-1.17727
1.31561
0.682228
0.057176
0.462937
-1.17204
-1.01416
0.742231
0.820794
1.16914
1.23192
-0.615159
0.451907
0.460133
-0.951058
0.725843
-0.795299
0.712457
0.456282
0.441142
0.376384
0.515088
0.268845
-0.477128
0.0366367
0.491527
-0.390536
-0.412108
1.20179
-0.0775777
1.10322
-0.136312
0.0169048
-0.0940655
0.33533
0.523098
0.0414866
-0.44509
-0.614273
-0.0513955
-0.201158
-0.480654
-0.355134
0.508897
0.535081
-0.748196
-0.385831
-0.556648
-0.725255
0.610593
1.05514
-0.984191
0.328682
-1.00199
-0.937813
-0.408381
-0.181751
0.697332
-1.71178
-0.603534
-0.422213
0.66216
-0.723336
0.18077
0.821013
-0.221506
-0.187077
0.856747
0.0658511
-0.6432
-0.42379
-0.00245816
-0.242161
-1.11015
-0.740186
-0.778397
0.107019
0.0607011
0.16876
0.0514438
-0.653874
0.730562
-0.855671
0.553693
-0.0484329
0.315549
-0.111925
-0.054028
2.9131
0.0153306
-0.729546
-0.337098
0.260042
0.534864
-1.57424
0.0446621
0.42225
-0.763751
0.335477
-0.488523
0.712194
0.0803169
-0.579455
0.274267
-1.0251
-0.835135
-0.707917
0.33707
0.842157
0.502943
0.639458
0.524851
0.000706253
0.734555
-0.231048
0.973844
-0.595449
-0.131382
0.394937
-0.723047
-0.712512
1.0331
0.48309
-0.981175
-0.778778
1.34488
-0.727342
0.951367
-1.11371
-0.190887
-0.0509525
0.850865
-0.146236
-0.970378
-0.556037
0.912657
0.541221
0.594448
0.719071
0.378496
-1.26694
-0.927226
-0.272713
0.932306
0.122691
-0.19251
0.171738
-0.566833
-0.365394
-0.669152
0.232276
0.757397
-0.650493
0.849063
1.65275
0.696192
0.360766
-0.047585
0.448174
-0.226767
-1.06302
-0.941408
-0.379531
-0.849325
-0.129285
-0.0155062
-0.166705
0.395071
-0.395916
-0.793085
-0.2531
0.412144
-0.874899
0.802781
0.097125
-1.02965
-0.396005
0.598385
-0.439866
0.496015
0.456185
-0.55081
-0.788602
0.713553
0.244406
-0.796763
-0.325354
2.54519
0.465991
-0.976782
0.770454
-0.0136961
0.70299
-2.15974
-1.29228
-0.146329
0.534114
0.0236348
-1.30739
-0.663764
0.48141
-0.686006
0.840358
-0.328384
-0.149594
0.19544
-0.0342002
0.477613
-0.331818
0.184662
-0.31066
1.35256
0.845495
-1.04441
0.0158901
0.998219
0.215674
-0.0223301
0.472023
-0.264134
1.54407
-0.183531
-0.888109
1.44175
1.21571
-0.182245
0.287166
-0.81712
1.42468
0.719208
0.903906
-0.685158
-0.64271
0.592267
-0.357996
-1.03039
0.02443
-1.17277
0.78905
-0.198292
0.794354
-0.389346
0.290462
-0.587775
-0.298862
0.166211
0.759852
-0.502319
-0.182585
0.39787
0.649061
-0.619671
0.870848
0.704544
-0.307538
-0.364869
-0.13557
-0.581506
0.0282898
-0.319321
-0.132403
0.0672663
0.112449
-0.474091
-1.33177
0.475126
0.0580942
0.66351
0.228577
0.25685
-1.20916
0.373023
0.374863
-0.40812
0.00894107
-0.604255
0.177264
0.532405
-0.67327
0.334397
-0.949412
0.533997
-0.584277
-0.0478511
-0.210155
-0.925263
-1.4119
0.261414
-0.26655
0.0816373
0.95602
0.52947
-0.188516
-0.211225
0.164914
0.631016
-0.0429011
-1.01136
-1.19268
1.09239
0.343116
0.584706
0.546388
-0.00134495
0.747911
0.0154511
0.352552
-0.215634
0.0455271
0.629947
0.0757761
-0.360619
0.00307011
0.787744
-0.442798
0.901242
0.24393
-0.0738498
-0.381016
-1.8494
1.00016
0.324378
1.60637
0.204618
0.18821
-0.497676
0.446547
-0.602984
-0.813824
-0.357947
-0.278692
0.545516
-1.05101
-0.274986
0.329935
0.19848
-0.405635
1.22323
0.804856
0.212459
-0.0722443
0.691913
0.896892
0.449442
0.466525
0.032941
0.4194
0.834457
0.510361
-0.0501355
-0.514893
-0.713502
-0.0737332
1.17064
0.22334
-0.74781
0.0672109
0.815455
0.402631
-0.238881
-0.0494067
-0.679979
0.116458
-0.320057
-0.487654
0.563265
0.903118
-0.0869396
1.22076
-1.1316
0.385776
-0.593209
-0.76226
-0.133116
-0.147392
-0.299372
0.333771
0.132662
-0.584798
-0.714587
0.487531
-0.954588
0.685066
0.987507
-0.325814
1.11034
-0.535728
0.0143604
0.466049
0.511363
0.548479
-1.00304
0.324125
-0.928321
-0.734635
0.0100218
0.435253
0.849358
-0.433143
0.94287
-0.674565
-0.49537
1.00534
0.388937
0.161162
0.802955
-0.896788
0.792873
0.458439
-0.471701
0.902399
0.861147
0.821953
0.0810358
0.602832
-0.245056
0.839786
0.420664
1.29354
-1.44186
-0.920799
-1.2674
0.882831
-0.822864
0.125836
0.520579
-0.210174
-0.940586
-0.897238
-0.905317
0.879383
0.135252
-0.0533238
0.326755
0.674006
-0.363348
1.06269
0.546865
-0.820546
0.488063
-0.816455
0.25898
0.728131
-0.336136
0.129445
-0.257634
-0.185699
-0.340251
-0.745357
-0.198775
0.118464
1.81645
0.836317
0.0635861
-2.18169
0.334549
0.632089
0.975128
-1.19418
0.283798
0.825963
0.144501
-0.541229
0.363965
1.30801
-0.337309
-0.864632
0.973773
0.274024
1.27006
0.679974
0.835089
0.82339
0.799241
-0.595745
-0.4321
-0.581782
0.116562
0.284778
-1.03799
0.500961
-0.594221
-1.03251
-0.70387
0.394846
-0.616913
-0.0142623
-0.0991466
-0.353839
0.324343
-1.51885
0.112041
1.32345
-0.477303
-0.664078
-0.117186
0.672019
-0.143788
-0.0998325
-0.830299
-0.447399
-0.667104
-1.16778
0.691753
-0.655776
-0.00504866
0.966078
-0.475842
0.639319
-0.703937
-0.805057
0.780289
0.149705
0.545213
-0.800101
0.215833
-0.720045
0.545261
-0.882747
-0.834281
0.124946
-0.00460848
0.433276
0.121465
-0.404974
1.54863
0.736538
0.0924305
-0.832881
-0.455111
-0.237456
0.449532
-0.564802
1.09275
0.261167
0.252311
-1.4031
0.232779
-0.873595
0.618537
0.465403
-0.19068
-0.598568
-0.751863
0.180667
-0.117733
0.0434889
0.861745
-0.655304
0.81706
1.19662
0.972448
-0.00552359
-0.265539
0.250845
0.361145
0.640721
-0.93994
0.79323
0.754086
0.0220703
-0.0525224
0.4548
-0.376463
-0.549117
0.716873
1.11307
0.622371
-0.652144
-1.39878
-0.0365332
-0.401645
-0.786485
-0.73249
-0.498012
0.317502
0.145951
0.243283
0.231703
-0.0381787
0.195724
-0.606625
0.23474
-1.47553
0.794015
-1.03854
0.657283
0.122368
-0.841215
-1.18808
-0.889996
-0.335834
0.908095
-0.507372
-1.01625
0.51729
0.154456
0.636941
-0.461403
-1.17366
-0.942634
-0.216412
-0.779409
0.599207
0.221149
0.523876
0.729532
-0.213284
-0.207574
0.168921
0.22899
-0.297291
0.866512
0.651526
0.414436
-0.67732
-1.20071
0.508938
0.66275
-0.0464241
-0.00487545
-0.0394022
-0.864727
0.142067
0.158684
-0.999241
-0.464262
0.481139
0.121301
-1.27604
0.762954
-0.473488
0.910563
0.837962
-0.547373
0.739441
0.68042
0.745841
0.0854219
-0.253789
0.230679
0.0330919
0.764786
-0.530562
1.00955
-0.228858
-0.716878
0.189429
0.784862
-2.04788
0.00988048
0.0780748
-0.594229
-0.156118
1.00042
-0.920053
0.307554
-1.25527
-0.188718
-0.197951
0.0391135
-0.928086
-0.632014
0.504479
-0.539224
0.854765
0.277682
0.466571
0.464861
-0.681487
-0.62193
0.752305
1.06234
0.559726
-0.183036
0.157297
0.841239
0.214867
-0.727287
0.351092
0.0838621
-0.387201
-0.455922
-0.591481
-0.576328
-0.885056
-1.09842
-0.131348
-1.07017
-0.658288
1.52404
-0.861522
0.31443
0.323391
-0.21292
1.3935
-0.693328
-0.0826054
-1.1584
0.53495
-0.468792
-0.235468
0.861994
0.734444
0.209566
-0.0852343
0.0114178
-0.455487
-0.508776
0.619335
0.105158
0.0599688
-0.27652
0.783743
0.150322
-0.14958
0.950382
0.413203
-0.532343
0.285936
-0.84197
-0.401792
0.239479
0.796727
0.710374
-0.359068
0.886725
-0.434736
-0.0746692
-0.732934
0.968062
-0.579482
0.637547
-1.02467
-0.836159
-0.490992
-0.491173
0.233533
0.196642
0.331152
-0.628476
-0.933185
1.18456
-0.646586
0.292398
0.832932
-0.208691
-0.261987
-1.62936
0.481797
-0.485801
-0.347386
0.08126
-0.198016
-0.225591
-0.0637304
-0.0675525
-1.08956
0.131509
0.593335
0.224221
1.18078
0.901059
1.00138
0.931846
-0.475108
-0.238554
-0.93505
0.946056
-0.592955
0.223179
0.95218
-1.02754
0.0159064
-0.990294
0.0675717
0.150314
0.291299
-0.0906222
1.01018
-0.404292
1.20837
0.305232
-0.851352
0.037269
-0.3904
-0.329438
-0.0574984
-0.381067
0.106212
-0.882437
-0.91749
0.684607
-0.740283
1.36825
0.751241
-0.673983
0.00219802
1.22414
-0.623652
-1.2925
0.596663
0.815859
-0.85238
0.566672
0.487089
0.38468
0.320497
-0.722997
-0.878153
0.855098
0.300195
-0.250659
-0.781248
-0.796593
0.551394
-0.637344
-0.319733
0.465689
-0.615725
1.41462
0.0641867
0.528242
-0.178697
0.347351
1.15354
0.483642
-0.592415
0.691576
-0.615992
0.858112
0.154104
-0.240901
-0.802376
-0.0760704
-0.179858
0.451579
-0.294272
0.133905
0.636281
-0.671353
-0.156178
0.743437
0.0346996
0.0242528
-0.655552
0.112317
-1.0558
0.619594
0.52272
-1.20501
0.639307
1.02987
-0.599331
0.0771454
-0.711849
-0.466561
0.843617
1.50624
-0.302347
0.61085
-0.651161
-0.486774
-0.260652
0.710001
-0.0648861
-1.10282
0.0457039
-1.14959
0.507897
-0.22128
0.68944
0.593121
0.0341876
-0.166926
-0.71314
0.482406
-0.930987
0.557635
-0.845738
-0.792653
-0.184377
-1.35385
-0.173301
-0.0210075
0.629394
-2.02107
-0.334447
1.3623
0.185633
-0.0950165
-0.321508
0.271356
1.16035
-0.255946
-0.603903
-1.16856
-1.34228
0.47408
-0.514448
0.217602
1.19696
0.101845
0.133105
0.41415
-0.203917
0.878785
0.0636621
0.956851
-0.637257
-0.048721
0.724153
0.305233
1.00819
0.522636
-1.24007
-0.146833
0.944035
1.03985
-0.530611
-0.467108
1.05238
0.880556
-0.574516
1.18944
-0.419126
-0.0666455
0.0347987
0.537964
-0.352996
-0.697602
-0.46348
-1.20527
-0.155842
-0.243425
-0.609474
-0.37443
1.24208
-0.670121
-0.664318
0.105035
-0.051059
-0.69573
-0.416768
1.27894
-0.977178
0.80613
-0.47026
0.17065
-0.359807
0.431652
-0.171157
0.599677
0.156417
0.525037
0.796757
0.116876
0.489645
-0.783476
1.1162
-0.298523
0.280315
0.304348
-1.24601
0.276108
-0.75317
0.522273
0.0131768
-0.215112
-0.126052
0.321363
-0.0214908
-0.191346
0.0971317
0.306614
-0.684988
-0.268489
0.85423
-0.868807
0.140757
-0.668726
0.323697
-1.16663
1.04949
0.693854
-1.05113
-0.464337
0.290722
1.03368
0.57413
-0.472744
-1.04652
0.377111
-0.455146
0.242484
0.0560916
0.172531
0.266715
0.916145
-0.873642
0.749521
-0.265037
-0.861432
0.967778
0.691469
0.637353
0.412266
-0.887166
0.752373
0.64842
-0.266279
-0.860071
-0.0662705
1.03492
-0.698095
0.254106
0.966556
0.593956
0.183712
-0.569781
0.468216
0.445604
0.0714621
-0.592416
0.174593
0.710848
-0.614032
0.400638
0.833736
0.4719
0.274451
-0.0488847
0.953305
1.01607
1.00402
0.126192
0.0280471
0.528326
0.258991
0.535293
0.77676
0.68157
-0.604452
-0.250917
0.208548
0.622713
0.939402
-1.12356
-1.79171
-0.502223
0.690808
-1.30212
0.224361
-0.523582
1.00627
-0.882951
0.144057
-0.658759
0.622829
0.513453
-0.735491
1.33122
0.591904
0.304312
-0.823319
-0.694655
-0.862653
0.0287652
-0.447814
-0.320622
0.647796
-0.271758
0.468806
0.929296
-0.757744
-0.229797
0.111842
-0.147881
0.118467
-0.346543
0.196087
-1.51567
-0.00921914
0.479309
0.252931
0.139073
1.68866
0.385911
-0.802758
0.359816
-0.341669
-0.539251
-0.840763
0.0763629
0.492195
-0.0830711
1.07783
-0.0274183
1.01611
1.18168
0.503193
-1.27188
0.773579
0.464319
0.292101
-0.0290571
-0.682852
0.984558
-0.241318
0.23261
0.461889
-0.00535384
-0.195801
-0.233555
-0.623353
0.464967
-0.337124
-0.670683
0.0206283
1.12054
0.966863
0.639559
0.495835
-0.236951
-0.0288368
-0.370846
-0.606713
0.551015
0.472288
0.154826
0.759183
-0.74298
0.325598
-0.525202
-1.08269
-0.386697
-1.0863
0.691527
0.830438
-0.760554
0.769036
-0.665529
-0.327978
-0.975916
-0.869625
0.32252
-0.784425
-0.622488
0.034018
0.88634
-0.156107
-1.02551
-1.4294
-0.580807
-0.321673
-0.567845
0.726349
0.343447
-0.812859
-0.289531
1.03767
-0.0951254
0.921304
-1.18687
0.755412
0.0629385
0.320675
-0.53965
0.779004
-0.609381
0.0646916
-0.149216
0.332679
-0.80224
0.317089
0.169278
-0.967994
-1.02471
0.832777
-0.236954
-0.174472
0.414881
-0.845324
0.0595815
0.213519
0.66761
-0.217051
-0.843119
0.53671
-0.808369
-0.0242254
-0.502209
0.0636452
0.211253
-0.708914
-0.485077
-0.125393
0.264103
-0.416741
0.311301
-0.785551
0.590864
-0.856376
0.540978
0.534229
0.546155
-0.141697
-0.453068
0.0914822
0.330699
0.527187
-0.250042
-0.755288
0.394086
0.0818729
0.378089
-0.0492003
-0.595101
-0.667154
0.313705
0.036602
-0.289361
0.871777
-0.100947
-0.89657
-0.609571
-0.123216
-0.691815
0.829576
-0.120442
-0.128264
0.686095
-0.774325
0.447794
-0.172128
-0.750516
-0.477911
0.0262588
-0.762444
-0.314982
-0.783925
-0.0878669
-0.0352656
0.493573
0.943598
0.974191
-0.82252
-0.0815988
0.317865
0.748208
-0.666751
0.301563
-0.235653
0.129909
0.82353
-0.872854
0.825403
0.214691
0.657891
0.751628
-0.581819
0.192091
-0.833976
-0.0343815
-0.6177
-0.732591
-0.220874
-0.341745
-0.699311
-0.521059
0.551598
0.497407
0.995422
0.372473
0.23934
0.620008
-0.989546
1.01274
-0.868975
0.357661
0.569042
0.0645333
0.777794
0.421058
0.0535319
-0.292447
0.738496
-0.896914
-1.27952
1.14239
-0.0936256
-0.510079
0.391237
-0.640013
0.593679
-0.421823
-0.10583
0.904247
-0.214486
-0.576303
-0.123697
-1.07855
-0.812418
0.15474
-0.490533
-0.689383
0.975034
0.416467
-0.56918
0.265019
-0.0459942
0.313253
0.746675
0.126613
-0.438012
0.469145
0.988375
0.590244
0.637235
-0.257321
0.545335
-1.02673
-0.848261
0.818992
0.469529
0.061168
-0.502671
0.672371
-0.942076
-1.10912
-0.186665
0.163144
-0.129245
-0.439139
0.178545
0.484468
0.907534
-0.609495
-0.26896
0.792189
-0.346703
-0.582869
-1.12757
0.739215
0.907019
-0.858296
-0.844772
0.861637
1.17414
-0.521682
-0.129319
-0.241448
-0.0682846
0.581
-0.501878
-0.885932
0.688179
-0.200854
-0.296985
-0.401647
-0.652646
-0.333667
-0.0691088
-0.582977
0.533849
-0.495058
-0.978582
0.291672
0.630604
-0.432378
0.354242
0.930174
0.692462
0.540423
0.379666
-0.299779
-0.755281
-0.035104
0.408539
0.376345
-0.924037
-1.20013
0.212814
1.41269
0.406508
0.701151
0.967529
0.253084
-0.45983
0.420906
-0.834231
0.118029
0.891176
0.993835
0.30625
-0.424409
-0.024157
0.874479
-0.24244
-0.584627
0.676888
-0.543109
0.506307
0.319744
-0.594043
0.167173
0.870083
-0.333287
0.342065
0.222547
-0.273465
0.344718
-0.517858
-0.666844
1.08478
-0.626714
0.982577
-0.508734
-0.81982
0.886975
-0.632662
-0.0410051
0.376957
0.0192327
0.676156
0.53993
-0.486843
0.50857
0.105015
-0.162563
-0.483782
-0.0055645
0.605001
-0.558678
-0.142996
-0.715067
0.683231
0.753899
-0.0161625
0.099137
-0.185706
0.259516
0.992298
-0.58344
-0.724786
0.680358
0.690859
0.243727
0.128458
-0.164494
0.740905
-0.847111
-0.240518
0.377651
0.443317
-0.869592
0.547198
-0.192194
0.950773
0.554792
-0.994101
0.498522
-1.00892
-0.634576
-1.25905
-0.103901
-0.799633
-0.281245
-0.57559
-0.702853
-0.922605
0.311288
-0.597017
0.456156
0.190221
0.678301
0.285465
1.67987
-0.802025
-0.77744
-1.27022
0.60391
0.507071
-0.654232
-0.830404
-0.485876
0.326827
0.497695
-0.11746
0.658104
0.615086
0.46282
-0.0687641
-0.173707
0.886451
-0.0692378
-0.241666
1.02619
0.468602
0.573104
0.0110086
-0.369115
-0.0791114
0.641652
0.713768
0.944479
-0.40053
-0.307497
-0.115318
-0.0294251
0.701428
0.902421
-0.593169
-0.649051
-0.29024
0.206793
0.680466
-0.807149
0.141251
0.108619
-0.077683
0.906662
-0.139014
-0.138734
0.097474
0.376948
0.428426
0.239167
-0.822019
-0.551047
-0.730793
-0.132783
-0.579481
-0.346048
-0.65466
0.188223
0.033784
-0.749613
1.13375
-0.194294
-0.356058
0.438052
-0.888227
0.895675
0.688793
-0.124273
0.435954
-0.12609
-0.54163
-1.00086
-0.175348
0.438933
-0.369302
0.183849
0.967426
-0.320857
1.32405
0.672272
0.742322
-0.986849
0.0739501
0.0959151
-0.0633026
0.539477
-0.930688
-0.991826
0.114294
-0.611172
-0.641083
-0.513779
0.780521
-0.614003
0.0715915
0.702942
-0.38018
-0.0126202
-1.09908
-0.502335
0.76496
-0.554819
-0.954593
0.647269
-0.545107
0.54978
0.509096
-0.655206
-0.76688
-0.194714
1.01727
0.227006
1.27061
-0.0216127
-1.40161
0.812969
1.44591
-0.44137
0.237788
0.0184125
0.41208
-0.453133
0.0151475
0.720065
-0.511093
0.298782
1.23591
-0.964837
0.842843
-0.639387
0.213972
0.379545
1.10067
-0.665279
1.06825
-0.475368
0.0657207
0.490617
-0.485172
-0.0966287
-0.501173
-0.468679
-0.382515
0.725161
1.01773
-0.553629
-0.0991514
-0.483972
0.897994
-0.707936
-0.520725
-0.00347013
0.898403
-0.269139
-0.291059
0.487699
-0.153284
0.721061
0.352157
0.629623
-0.0167444
1.39138
-0.17369
0.216029
-1.06017
0.965937
0.482505
0.864544
0.33856
-1.56903
0.520945
-0.325807
-0.581177
0.570814
-0.459888
0.386256
-0.760211
0.311573
0.264892
-0.27297
0.667177
0.913209
-0.951769
-0.117987
0.948035
0.329612
0.0448211
-0.440247
0.399049
0.587653
-0.0879238
-0.242537
-0.725529
-0.0911346
-0.167562
-0.59923
0.774451
-0.0526266
-0.450902
0.419664
-0.222235
-0.125271
-0.32402
0.629743
0.857962
-0.614312
-1.42221
0.00667405
1.007
-0.729449
-0.125342
-0.0832619
-0.662291
0.0818002
0.563722
0.695995
0.641882
-0.189431
-0.179858
-0.813385
0.754222
0.198412
0.149857
-0.102634
-0.100984
0.0564028
-0.250333
0.993791
-0.0529177
-0.324395
0.291828
-0.676145
-0.137751
-0.759609
-0.0925029
0.49098
-0.420935
0.0804905
1.08572
-1.07736
0.280727
0.644544
0.508115
0.792055
0.370894
-0.72511
0.889492
0.986943
0.726834
-0.0270465
0.341424
1.05958
0.489534
-0.518403
-0.0695947
-0.129165
0.218848
0.13294
0.44069
-0.0198615
-0.0575238
-0.0877449
0.0416914
-0.273705
-0.745268
0.575309
-0.370522
0.0428274
-0.490042
-0.432549
0.708108
0.286873
-0.383335
0.626154
0.575067
0.318199
0.0698021
-1.00814
-0.381433
-0.0506476
0.739369
0.519906
-0.515947
1.29503
-0.603466
-0.551238
-0.499865
-0.365054
-0.157291
-0.531114
-0.535702
0.347071
0.790961
1.44196
0.726626
-0.513028
0.432535
-0.556025
-0.620698
0.615869
-0.434414
0.0608908
1.03987
-0.74907
0.0361295
0.0946362
-0.277427
-0.898374
0.11372
0.127227
-0.881647
0.913339
0.873048
-0.71752
1.55477
-0.312771
-0.420476
-0.105261
0.0626393
-0.634725
-0.796835
-0.385993
-0.0270089
0.594127
0.128987
0.561779
0.112866
0.866008
-0.232112
0.678505
-0.46695
0.985881
1.16399
-0.350974
1.13706
-0.0943692
-0.362939
-0.551176
0.716073
-0.509916
-0.0976089
0.496145
0.451343
-0.276105
0.102015
0.914676
0.328087
0.761635
0.176429
-0.325836
0.964345
0.67471
0.584272
0.84743
-0.193951
-0.356731
0.0445228
0.221875
-0.745717
-0.378034
-0.0431175
0.239769
-0.565669
1.03363
0.230166
-0.0196523
0.721567
-0.682577
0.415834
0.302423
-0.240414
0.0979738
0.597084
-0.0720586
0.00762955
0.417907
0.323082
-0.811942
0.540911
0.299027
-1.00442
0.771695
0.680772
0.0467746
-0.263024
-0.942432
0.801752
0.737369
-0.916745
0.0429456
-1.21107
-0.214095
0.0942542
-0.411885
-1.32836
-0.198439
-0.341398
0.451799
-0.914563
-0.929915
-0.115777
0.65945
0.216724
0.241754
0.505882
0.0879627
0.297857
0.184773
-0.2937
-0.306913
1.06716
0.158681
0.359953
1.04398
0.52767
0.245826
-0.924878
0.753853
0.658864
-0.732497
-0.481923
0.664052
0.233032
0.706656
0.792393
-0.234526
-0.0997191
0.0413304
0.602861
-0.38238
-0.108965
1.10079
0.89131
-0.781866
-0.205676
0.574924
-0.76426
-0.379421
-1.12548
-0.677755
-0.563003
-0.313542
-0.557726
0.634239
0.45237
0.277633
0.225113
0.631814
0.208548
0.670032
-1.00124
0.868845
0.255391
0.461374
0.465682
-0.248955
0.0153052
0.524447
-0.836623
0.105767
0.223265
0.495561
-0.0261617
0.424215
1.03583
0.238323
-0.253687
0.394289
0.348496
0.465113
-0.568706
-1.00649
-0.69532
0.373744
0.706631
-0.754272
0.476404
0.0257548
0.199417
-1.0328
-0.0318863
-0.0911702
-0.835041
0.276055
0.0966759
0.560659
0.81385
-0.577319
0.252164
-0.204856
-0.43945
0.893135
-0.469976
0.892081
-0.0467915
-0.0952285
0.0455963
0.42154
0.199947
-0.87105
0.0841304
0.573439
0.238864
-0.540231
0.729548
0.416023
0.192676
0.00575759
0.70543
0.0109518
0.812236
-0.0560268
-0.352183
0.662497
0.364044
0.707121
1.11465
-0.717252
0.85536
0.991898
-0.963012
-0.810049
-0.841243
-0.259418
0.330155
-0.214957
0.169297
-0.243444
-0.948309
-0.562621
-0.268958
-0.401908
-0.956807
1.14701
0.529555
-0.661085
-0.481463
-0.894433
0.746554
0.488791
-0.670324
-0.994912
0.681995
-0.204097
-0.307227
0.119621
-0.424914
-0.68357
0.0596806
0.109769
-0.518952
-0.98068
0.601059
0.115452
-0.341354
-0.633377
-0.660985
2.32917
-0.244475
0.574895
-0.497944
0.456466
0.388884
1.69823
0.224667
-0.326615
-0.80232
-0.61788
0.0469178
0.550667
-0.73475
0.283686
-0.21113
0.142634
-0.814613
0.370868
-0.112664
-0.532089
0.00160116
-0.697923
-0.707684
1.34008
0.0945382
1.29825
-0.880792
0.495167
0.456648
-0.0768095
0.219824
1.04255
0.743044
1.24018
-0.0798446
-0.0227591
0.217773
-0.998237
0.88503
0.59127
0.372631
-0.0205592
-0.818735
-0.0591599
0.0328779
-0.216731
0.0239533
-0.0816922
-0.521667
-0.752679
-0.465194
0.680124
0.454681
-0.960972
0.313796
-0.241409
-0.504053
-0.413005
-0.21817
-0.681364
-0.0214486
-0.992126
0.0732363
-0.161396
-0.0885901
2.71119
-0.653187
-0.0130718
-0.00941677
-0.0359452
0.0222795
-0.622126
-0.0457119
-0.200428
-0.347798
0.0682525
0.439427
0.335981
0.222185
-0.0431902
-0.574487
0.107919
-0.0266244
-0.249767
0.136264
-0.012319
0.145623
1.84483
-0.0636063
0.288422
0.346075
-0.168687
0.491633
-0.0687249
0.488876
0.375658
-0.560258
0.03559
2.0073
-0.279957
0.185618
-0.0323984
0.135074
0.141904
-0.179273
0.00402055
-0.373651
0.645833
0.144173
-0.408438
-0.179766
0.171717
-0.0797372
-0.452735
-0.24756
-0.124331
0.034143
-0.483379
0.52661
0.0400531
-1.72548
0.154786
0.386949
-0.124931
-0.0012793
-0.207371
0.240833
-0.500229
0.0470987
-0.0406971
-0.056848
-0.610307
0.153631
-0.0446004
-0.0341248
0.0126077
0.0271622
-0.402275
0.0620407
-0.0110506
0.304448
-0.0597187
-0.969078
0.728415
0.278376
-0.048824
-0.772896
0.309643
0.0121692
-0.205851
-0.22468
-0.0690735
-0.0929384
1.69642
-0.0524228
-0.070492
0.062947
0.00448276
0.141357
0.0376912
-0.0254219
0.0234133
-0.0430779
0.00275516
1.58379
0.0872563
0.0517914
0.214306
0.0817817
-0.0232569
1.5071
-0.030005
-0.000644785
0.732297
0.225021
0.361378
0.41481
-0.268723
-0.064136
0.72419
-0.807735
-0.083694
0.478366
0.416461
-0.0452385
0.126293
-2.66923
0.207358
0.225369
-0.100154
-0.0889241
-0.290301
-0.0305856
-0.158666
0.512393
1.0594
0.646114
1.16458
-0.372893
-0.437206
-1.06389
0.145113
0.48978
-1.60152
-0.457057
0.636963
1.72711
-0.783862
-0.808745
0.782905
-0.0831515
-0.419094
-0.808058
0.359192
0.242966
-0.621837
0.776687
-0.91175
1.05344
-0.957479
0.519929
-0.882989
-0.616068
1.07578
0.147514
-0.343766
0.416608
0.808607
-0.31756
-0.0291588
-0.570275
-0.900096
0.428332
0.826833
-0.148421
-0.25188
-0.913719
0.799441
0.990276
0.083642
0.835858
-0.156092
0.505745
-0.0262145
-0.230741
0.791363
0.174075
0.764439
-0.61305
0.369367
0.513761
0.140104
-0.337053
-0.493618
0.795097
0.393337
-0.811488
0.146948
0.729104
0.295694
0.246719
0.438991
0.0317771
-0.64622
0.0461978
-0.16293
-0.384029
-0.216488
-0.0866437
0.859645
-0.0530038
-0.489692
-0.0275922
-0.16054
0.0117188
0.847043
0.350629
-0.304039
0.491675
0.300846
0.194107
-0.0832315
-0.140742
0.190377
-0.140042
3.05751
-0.0332666
-0.766893
0.057743
-0.20073
0.222226
-0.294239
0.362102
-0.731493
-0.253116
-0.107993
0.113354
-0.0429143
-0.447764
0.16971
0.647698
0.522667
-0.167517
-0.520997
0.50317
0.222377
0.257548
-0.913134
-0.745327
0.789664
-0.155698
0.70553
-0.320182
0.793598
0.176632
0.293094
-0.667228
-0.224325
1.62727
0.221439
-0.135543
0.176251
-0.124203
0.852585
0.125244
-0.488327
0.00713826
0.14422
0.393546
2.22368
0.43863
-0.179804
0.21604
-0.143088
-0.204734
-0.384437
0.10427
0.280464
-0.534652
0.228445
0.512916
-0.436603
0.93084
0.166605
-0.510352
-1.17867
0.185357
0.277992
-0.103917
-0.151981
-0.118229
2.50934
0.310413
0.242586
-0.472905
0.224689
0.0985484
0.149418
0.345866
-0.639054
1.04215
-0.442359
0.441718
-0.938624
-0.860855
-0.493292
0.665129
-0.157065
0.0181857
-0.549186
-0.190598
1.39139
-0.463071
-0.181968
-0.0718864
0.567933
-0.867317
-0.396459
0.871915
0.799064
0.245977
-0.137375
0.502233
-0.974976
-0.460975
1.33487
-1.20003
-0.314836
0.984814
-0.947909
-0.226718
-0.370769
0.643088
0.0541788
0.2314
0.092366
0.441917
0.785692
-0.367468
-0.809954
0.223232
0.54351
-0.294172
-0.716932
0.20619
0.00927871
-0.342588
-1.00084
-0.283948
-0.125443
-0.588491
-0.438335
-0.248589
0.940604
0.364249
-0.532667
0.300604
0.220376
0.808516
0.978603
0.403307
0.285089
0.14031
0.422646
-0.603137
0.171745
-0.0198823
0.298333
0.700448
-0.0225321
-0.309916
-0.062146
-0.305892
0.39661
-0.688178
0.515563
-0.0737047
-0.448522
-0.394592
-1.29328
0.485497
0.0398686
0.234928
-0.341028
-0.170223
0.202463
-0.263888
0.5209
-0.794539
-0.055623
1.72211
0.304801
-0.273543
-0.781783
0.757909
-0.424664
0.161827
0.420881
0.306776
-0.397131
0.0223072
0.301472
-0.199265
0.274312
-0.198711
-0.358408
-0.0821689
0.244174
0.0901393
-0.249172
0.0608944
-0.102289
-0.232851
0.0468107
0.306149
-0.196551
-0.19104
0.188735
-0.0685174
-0.302338
-0.384304
-0.106737
0.0587811
-0.216545
0.0110727
0.146849
-0.224167
-0.199585
0.683825
-0.0108256
0.254982
-0.777936
0.811995
-0.583179
-2.08755
0.476995
0.0539539
0.856148
-0.121124
0.450562
0.618051
-0.759583
0.402759
0.374188
0.559367
-0.0648882
-0.0503921
0.224349
-0.451607
-0.906681
-0.86342
-0.270376
-0.651523
-0.952495
-0.0354044
0.106942
1.19743
-0.0874663
-0.908849
0.109749
0.236026
-0.813894
0.615247
0.841365
0.000783652
0.0546879
0.261531
1.01347
0.668497
0.526593
-0.0906572
-0.0808006
-0.86893
-0.484525
0.0134458
-0.639743
-0.32802
-0.872961
0.831355
0.927358
0.496556
0.203876
-0.418274
-0.448661
0.482727
0.795449
0.620421
0.731506
-0.547556
-0.568634
-0.467009
0.705895
1.09843
-0.665591
-0.90845
-0.492731
0.745598
-0.383559
-0.55998
-0.0523397
-0.179787
-0.299224
0.139939
-0.287749
0.434582
0.220195
0.295331
-0.354435
0.657313
-0.899999
-1.0793
-0.742579
-0.701655
0.319241
-0.134885
0.782558
-0.305489
0.590469
0.31039
0.136327
-0.614678
-0.234903
0.625828
0.370217
0.87511
0.525733
-0.614717
-0.347519
0.695669
-0.0445876
-0.229478
0.296139
-0.0704761
-0.44748
-0.0211934
0.239434
-0.0844304
-0.0852317
-0.149071
0.482812
0.213594
0.116279
-0.742009
-0.0799672
-0.677287
0.333797
-0.0969253
0.116415
1.19945
-0.387971
0.038091
-0.145632
0.53598
-0.138978
0.0700798
-1.71749
-0.207341
-0.107071
-0.0208177
-0.0322545
-0.771234
-0.0623698
0.467391
0.351313
-0.207687
0.414933
-0.552945
0.13403
-0.310632
-0.497041
0.537958
-0.178692
0.506563
-1.69869
0.646138
-0.113678
-0.246576
-1.26836
-0.0588349
-0.831408
-0.279648
0.103383
-0.0811972
0.595783
-0.71801
-0.0768279
0.560038
-0.114674
1.27692
0.0643975
-0.337684
-0.498004
-0.111351
-0.462511
-0.451265
0.590564
-0.0993277
-0.548011
-0.0640519
0.298042
0.968397
0.0764013
0.35312
-0.0725822
0.0382236
0.498168
-0.0129807
0.459686
0.0629911
0.189545
0.0384584
-0.90415
-0.482649
0.0199127
-0.197224
-0.477953
-0.213616
0.32782
0.331059
-0.731828
0.223237
-1.91951
0.150731
0.771724
-0.199785
0.0949163
0.22591
0.0879392
0.311014
0.476552
-0.571006
-0.485309
-0.0370624
-0.440654
0.466313
-0.182217
0.711827
-0.475932
0.663836
0.248918
0.327611
1.10049
-0.454599
0.136882
0.737874
0.298152
0.608285
-0.0581338
0.4603
-0.699015
0.614976
-0.744564
-0.168234
-0.0712831
-2.34418
0.212854
0.399209
0.673479
0.224707
-0.268709
0.0486172
0.473983
0.228596
-0.816487
-0.136432
-0.0569286
0.301924
-0.0447336
1.00526
0.809882
-0.356767
0.821525
-0.603544
0.86807
0.553675
-1.11096
0.29772
1.04256
0.87045
-0.25928
-0.0144907
-0.840654
-0.124743
0.76335
0.116647
0.409171
-0.642983
1.42056
0.819946
0.967935
-0.187694
-0.644966
-0.304722
-0.148484
0.595569
-0.347702
-0.0191464
-0.419054
0.979216
0.640949
-0.454668
-0.71802
0.196948
0.318869
1.10188
0.238562
-0.0681961
0.917223
-0.0733555
0.881708
0.500932
-0.409026
0.00761465
0.0807514
0.207767
-0.00978291
0.135531
-1.09097
-0.437176
-0.068429
1.81026
-0.283703
-0.570557
0.143754
-0.977123
-0.783564
-0.194989
-0.696646
0.110401
0.62753
0.820506
0.151242
-0.769981
0.363067
-0.362203
-0.954575
0.261347
-0.0142681
0.151161
0.777521
-0.658299
-0.0257242
-0.753067
1.055
-0.267709
-0.911235
-0.137421
-0.517476
-0.110454
0.362322
-0.720464
-0.310263
0.00193209
-0.0973999
-0.0942896
-0.215809
0.125053
-0.37955
0.095346
-0.127131
-0.96234
-0.0159852
-0.0241738
0.0303637
-0.629324
-0.0039899
0.109605
0.0162975
0.0281665
0.0177033
0.231901
0.1216
-0.0693291
-0.284729
0.112936
0.189528
-0.524136
0.0757646
0.0730483
0.210585
0.651588
0.00316904
0.0476842
-0.0946728
0.0365485
-0.0287401
-2.3152
0.000946189
0.184779
0.0582333
0.0648418
0.677714
0.132604
0.423505
0.195742
-0.154132
-0.0861739
-0.486532
-0.768797
-0.152246
-0.25669
0.00698078
-0.0570856
1.04078
0.841982
-0.0868719
-0.0459379
-0.00320073
0.371864
-0.197809
0.669551
-0.0451697
0.129366
-0.4842
-0.00477488
-0.298156
0.62756
0.199169
-0.0710885
-2.48684
-0.175026
-0.69626
0.246704
-0.0316884
0.357024
0.0778639
-0.402448
-0.455126
0.189535
-0.206978
-0.685647
0.383994
0.31999
-0.6074
-0.740688
0.634968
-0.489357
0.143654
0.782163
-0.107836
0.778182
-0.543146
0.647675
0.146583
-0.572666
0.556513
0.662956
0.913195
-0.115033
-0.436024
0.26254
0.296508
1.01703
-0.345981
-0.278116
-1.20371
0.0279682
0.236833
0.0840766
0.78515
0.516957
0.323913
0.157959
-0.554899
0.873218
-0.173257
-0.17135
0.698485
0.239998
-0.259657
-0.617671
0.395218
-0.659506
-0.156973
0.676004
-0.0133745
0.778723
-0.13968
0.752626
0.521288
0.427837
-0.219103
0.754373
0.249271
0.253541
0.000932741
-0.218531
-0.414582
-0.424857
0.315685
0.584691
0.0710755
0.735954
-0.297549
-0.667084
0.879336
-0.297116
0.286853
-0.406305
-0.774576
0.421508
-0.0901406
-0.637752
0.612438
0.381848
0.116681
0.213549
0.297098
-0.511472
0.330958
0.711852
0.637601
-0.16944
0.454609
0.495172
-0.733273
0.418946
0.0674013
0.111596
-0.266295
0.170364
-0.709804
-0.510897
-0.555724
0.118203
0.89758
0.554871
-0.263412
0.0161522
-0.560283
0.0925144
1.14081
0.848267
0.536011
0.644325
0.77585
-0.0239791
0.73923
0.0864763
0.110215
-0.175611
0.177097
0.298834
0.148577
-1.72183
-1.26272
-1.09078
0.384192
1.04119
-0.996099
0.674702
0.367717
0.476234
0.606799
-0.451347
0.679596
0.247769
-0.538733
0.0101017
-1.18447
-0.692482
-0.0898088
0.132908
-0.100507
0.0024165
-0.0860263
-0.697989
-0.188745
-0.0834748
0.0494508
-0.045442
0.31517
0.121558
0.0602636
-0.730827
2.59749
-1.38504
-1.30318
0.0511795
0.961968
0.500302
-0.866336
-0.581957
0.368881
-0.0182545
0.0706621
-0.651235
-0.0227374
-0.0198681
-0.0480632
0.158544
-0.00784436
0.031911
-0.0870446
0.962035
0.284399
0.0765122
0.0855709
0.187048
0.387982
0.010534
0.0561017
0.202124
0.150349
-0.0730121
0.0790569
-0.880917
-0.14265
0.0326189
-0.0165078
-0.165319
-2.09899
1.27252
1.40357
-0.627674
0.0418208
0.00682741
0.0106114
0.587512
0.196027
0.0290646
0.0032515
-0.701041
-0.763644
0.575083
-0.603153
0.908139
0.0692252
0.0205385
-0.00037017
-0.430891
0.15871
-0.00975371
0.0242962
-0.0278634
-1.49441
0.97765
0.872984
0.803156
-0.304091
0.486291
0.406287
-0.0593585
-0.157107
0.0122975
-0.0255544
0.454695
-0.165922
0.000632335
-0.0311929
-0.531968
0.30604
-0.034331
0.051806
0.943663
0.16295
0.0529767
-0.0309049
0.460128
0.151148
-0.0282786
0.0442277
-0.961547
-2.13771
1.36025
1.30631
0.081576
-0.124812
0.0516062
-0.0619443
0.489608
0.518801
0.0909105
-0.0294181
0.013947
0.512931
-0.000628018
0.0681325
-0.088229
0.0893088
0.0554692
-0.0141562
0.963622
-0.329497
-0.54517
-0.0940869
-0.0828577
0.0828499
0.00293565
-0.000913693
1
0.0352941
0.309804
0.760784
0.00392157
0.294118
0.745098
0.0588235
0.290196
0.717647
0.0196078
0.290196
0.745098
0.0313726
0.27451
0.721569
0.0666667
0.321569
0.756863
0.0666667
0.317647
0.745098
0.0196078
0.298039
0.745098
0.435294
0.580392
0.854902
0.521569
0.65098
0.870588
0.278431
0.333333
0.45098
0.4
0.0941176
0.32549
0.509804
0.054902
0.290196
0.490196
0.0980392
0.333333
0.486275
0.121569
0.376471
0.0431373
0.298039
0.737255
0.690196
0.760784
0.909804
0.701961
0.752941
0.898039
0.372549
0.54902
0.545098
0.258824
0.298039
0.184314
0.717647
0.52549
0.560784
0.760784
0.494118
0.552941
0.705882
0.529412
0.588235
0.152941
0.403922
0.788235
0.270588
0.498039
0.835294
0.329412
0.52549
0.843137
0.188235
0.392157
0.45098
0.0627451
0.282353
0.121569
0.290196
0.294118
0.27451
0.396078
0.396078
0.372549
0.282353
0.309804
0.32549
0.0627451
0.368627
0.752941
0.117647
0.435294
0.823529
0.145098
0.439216
0.811765
0.141176
0.34902
0.556863
0.0392157
0.152941
0.301961
0.00392157
0.184314
0.380392
0
0.129412
0.278431
0
0.207843
0.45098
0
0.396078
0.815686
0.156863
0.486275
0.835294
0.380392
0.592157
0.843137
0.490196
0.643137
0.843137
0.2
0.513726
0.870588
0.113725
0.490196
0.858824
0.054902
0.470588
0.85098
0.337255
0.592157
0.878431
0.0745098
0.470588
0.835294
0.290196
0.560784
0.854902
0.231373
0.545098
0.835294
0.309804
0.552941
0.8
0.364706
0.6
0.866667
0.270588
0.564706
0.854902
0.207843
0.556863
0.854902
0.14902
0.541176
0.847059
0.054902
0.521569
0.85098
0.145098
0.533333
0.85098
0.109804
0.533333
0.835294
0.164706
0.545098
0.819608
0.266667
0.584314
0.862745
0.27451
0.588235
0.862745
0.341176
0.615686
0.870588
0.180392
0.576471
0.866667
0.152941
0.584314
0.870588
1
0.999987
1
-1
0.999999
1
-0.999999
-0.995635
0.764963
1
1
-1
0.999964
0.999551
-1
1
-0.999999
1
0.999959
-1
1
0.999745
0.999997
-1
1
-0.305329
0.999948
0.999852
0.74589
-0.999951
-0.999503
0.996974
0.999977
1
0.244126
-0.0692002
0.393417
0.999997
-0.999672
0.702316
0.847945
-0.42854
-0.502433
-0.69521
-0.294287
-0.146339
0.317132
0.393221
-0.615007
0.990192
0.368669
0.140718
-0.999493
-0.999902
-0.0466455
0.11979
0.853501
0.566738
-0.0602647
0.448155
0.253069
0.826001
-0.0595598
0.787296
-0.999809
0.332076
1
0.695332
-0.947405
-0.877378
0
0.448254
-0.157393
0.0495083
0.331808
0.345211
-0.22774
-0.187731
0.0267806
0.254179
0.326086
-0.0405864
-0.149458
0.0814446
0.340774
0.187302
-0.0226505
0.00651222
0.203567
-0.320154
0.0882965
0.0966186
-0.243252
-0.0109232
0.25622
0.102265
0.159955
0.0167175
0.173093
0.288052
0.373291
0.0579537
-0.0959624
-0.216563
-0.116687
-0.0494119
0.121648
-0.152043
0.168347
-0.171247
-0.0558257
-0.150158
0.333984
0.223971
0.0689453
-0.147623
0.0439746
0.170996
0.11805
-0.00951345
-0.233915
0.000884209
0.117826
-0.279214
-0.136905
-0.0194826
-0.0565799
-0.139441
0.159024
-0.0216346
-0.188432
0.0784687
0.0951807
0.113939
0.0858463
0.275238
-0.162574
0.135168
0.0810076
-0.0328254
-0.0828195
-0.035333
0.136078
0.0670559
0.193886
-0.0563539
0.0593824
0.0979669
0.285205
-0.0445722
-0.100253
-0.107833
0.0370162
0.05042
0.0442804
0.0167916
-0.0184026
-0.0500453
-0.040391
-0.0228415
-0.0175976
-0.11089
-0.00701254
-0.0784135
0.085184
-0.0892607
-0.170375
0.265115
-0.26059
-0.0240006
0.144226
-0.254703
0.0899028
0.0678141
-0.186284
0.0295
-0.00239709
-0.0221815
-0.0838075
-0.00697532
-0.0805531
0.0663285
-0.0144124
-0.0141292
-0.0523192
-0.065777
-0.00868641
-0.14061
0.027253
0.0151539
-0.055419
0.0471923
-0.00677334
-0.181846
-0.104297
-0.298452
-0.0139572
-0.132885
-0.130362
0.0755405
0.13974
-0.0238169
0.196894
-0.395633
-0.0785772
0.062595
-0.325101
0.150133
-0.101018
-0.144235
-0.0500689
0.10173
0.102541
-0.00292098
0.323274
-0.135298
0.315755
0.167175
-0.0465585
0.256126
0.241798
-0.392268
0.137912
0.271732
-0.357863
-0.129872
0.131755
-0.0457853
0.164761
-0.107387
-0.311701
-0.0897326
0.0529583
0.132729
0.0946146
0.354857
0.0680495
0.194924
0.20335
-0.00668057
0.00264643
0.157073
0.0970952
0.0920469
-0.104583
0.0861015
0.124687
-0.144774
0.0548485
-0.056443
0.320179
0.029489
0.168701
0.0010222
-0.0389074
0.11599
-0.025181
0.0968641
0.0516704
0.0700644
-0.0756331
-0.0836897
0.148506
0
0.000291539
3.96848e-08
3.09567e-07
8.03578e-10
-0.0389536
3.62585e-08
-2.77404e-09
0
3.27907e-05
2.12899e-06
-2.0469e-06
-0.00695512
-0.000133575
-3.65845e-06
0
-0.00385423
0.000390016
1.43303e-05
-3.60952e-05
0.267958
-0.000723292
-0
-0.000360475
-0.0873734
0.0187848
2.33507e-07
-0
1.60496e-05
3.57882e-07
-0.000289087
-1.9291e-05
-4.50674e-07
0
-0.100374
0.131802
-0.0705711
0
-0.00022483
0.0956551
-0.0242961
-0.133084
0.0057319
0.0294133
0.170855
-0.047669
0.000145367
0.00252985
-0.0316242
-6.66354e-06
-0.0147908
0.0381879
-2.34761e-06
-1.01766e-05
-0.0431736
-0.0393
0.098263
-0.0923443
0.0821039
-6.85659e-08
-0.128758
-0.116096
0.0790825
-0.0799534
2.25093e-05
-0.00881447
0
5.9474e-05
-1.1281
1.12154
