3
192
16
3
-0.997497
0.594143
-0.857411
0.568972
0.17388
-0.13487
-0.404862
0.465957
0.738507
0.140888
-0.780871
1.02878
1.36512
0.477749
-0.700594
-2.71207
-1.07229
-0.271096
-0.248033
-0.785407
1.05626
-0.0107004
-0.7443
-0.991717
-0.945837
-0.216987
0.0824076
0.289131
0.0308441
0.565975
-0.839901
-1.4833
0.860302
-0.713505
-0.885922
0.722272
0.475722
0.732467
-0.225837
-0.399306
0.718079
0.0941281
0.931885
0.826894
0.256537
-0.850037
0.186373
-0.458142
0.162624
-0.712097
0.338038
0.687307
1.64163
0.902824
0.480784
-0.307592
-0.50446
-0.423012
0.366988
-0.923421
-0.227451
-0.714791
0.265907
-0.719496
-0.86136
0.515815
-0.753074
-0.51031
0.175817
0.190579
0.596923
0.389177
-0.0197035
-0.690139
0.435381
-0.653138
-0.0499194
0.986801
0.527784
-0.91385
0.553047
-0.391725
-0.267252
1.21647
0.0797665
-0.277322
-0.690674
-0.632091
-0.053531
0.500724
-0.100716
0.953509
-0.162527
-0.281345
-0.738679
0.33184
-0.024043
-0.715675
0.385336
-1.04966
-0.603518
1.05083
-0.716849
0.82297
0.299669
-0.17582
-0.128306
-1.01241
0.911292
-0.126875
-0.658014
0.774888
0.642848
0.143249
-0.770691
-0.560476
0.228949
-1.22046
-0.242897
0.00784326
0.0808837
-0.262414
-0.647664
0.146167
0.189627
0.444938
-0.38178
-0.0191335
-0.747862
-0.346212
0.603933
-0.818559
0.0505434
-0.321478
0.499031
-0.847257
0.898679
0.599311
0.00735009
-0.0771505
-0.0730613
-0.51792
0.664461
-0.9189
-0.057895
-0.570512
0.793004
-0.357269
0.239134
0.101213
-1.44973
0.481389
1.02593
-0.204688
-0.10748
0.686007
-0.546232
1.06488
-0.149618
-0.929157
-0.418077
-0.576625
0.638114
0.0667683
0.330907
-1.01018
0.735474
-1.22102
-1.81746
1.06121
-0.371868
0.139015
-0.511114
-0.492325
-0.709206
0.300971
0.608766
-0.431662
0.231925
0.700902
-0.656118
-0.666489
-1.21254
-0.916347
0.276374
0.936678
-0.690824
-0.768792
-0.646484
-1.06369
-0.58866
-0.16401
0.275702
0.343003
-0.660637
-0.815957
-0.0989204
-0.823103
0.495825
-0.727585
-0.252968
-0.882295
0.64883
0.235646
0.257363
-1.34928
-0.0893837
1.25361
0.394633
0.575172
-0.647235
-1.14748
-0.599916
1.07114
-0.342362
1.08315
-1.05723
0.139446
-0.886251
-0.256499
1.17486
-0.903134
0.936267
-0.5045
-0.856263
0.615692
-0.395064
-0.664276
-0.476312
0.250572
0.200482
-0.198819
0.196521
0.142238
0.618779
0.0441876
0.764067
0.307596
0.131504
0.185274
-0.721893
0.59463
0.00876134
0.556209
-0.544888
-1.33428
0.256548
0.597013
0.012351
-0.266062
-0.0754251
-1.03825
-0.164753
0.952413
0.277649
0.382244
1.25188
-0.797482
0.347626
0.727864
0.498697
0.196418
-0.208558
-0.858402
0.642657
0.758367
-0.381902
0.191977
-0.595265
-1.00946
-0.629365
0.87156
0.702445
0.249176
-0.777988
-0.842104
-0.640832
-0.966424
0.222059
0.36189
0.136071
0.407793
-0.196154
-0.35465
-0.511879
-0.0603019
-0.651726
-0.743351
0.468938
-0.372234
0.618078
0.820959
0.664119
0.444234
-0.5718
0.857085
-0.901371
-0.8201
0.998285
-0.0251524
0.293231
0.43182
-0.997849
0.827758
0.0764229
-0.160514
-0.790399
0.190618
-0.647897
-0.410043
0.94309
-0.142387
0.285699
-0.892101
0.0417647
0.360573
-0.131302
0.627182
-0.381766
-0.34476
0.793263
-0.809078
0.473516
-0.209632
-1.23115
0.324745
-0.970889
0.688566
0.58979
-0.0478796
0.500803
0.0360373
0.0406049
0.579731
0.211587
-0.595077
0.910607
0.527392
-1.19941
-0.140043
-0.736747
0.364539
0.799371
0.277577
-0.939947
-0.509034
-0.909535
0.286718
-0.695057
0.904539
0.676357
0.278532
0.0533747
0.657279
-0.535083
-1.1587
0.634117
0.234291
-0.502254
-0.97708
-0.422372
0.387642
-0.550181
-0.388613
-0.304113
0.373874
1.00946
0.518981
0.112192
-0.0551218
0.593046
1.63762
-1.83967
0.594834
-0.195166
-0.590198
-0.808711
0.414156
-0.473561
-0.163109
0.141548
-0.690492
0.138148
-0.480206
-0.372693
-0.682436
0.363174
-0.779203
-1.2073
1.47032
0.141055
0.579272
0.697456
0.13782
-0.288354
0.833178
-0.620414
0.716429
-0.963855
-0.456562
0.0439479
0.93556
-0.830821
-0.926663
-0.0068477
-0.810657
0.0897491
-1.02776
0.783074
-0.00192109
-0.803848
-0.528724
1.05644
-0.992734
-0.918394
-1.35127
-0.273495
0.936466
-0.29561
-0.0872832
1.10076
0.638774
-0.12607
0.713508
-0.088251
-0.204627
-0.25832
-1.14505
0.152944
0.912859
-0.0778998
-0.476008
0.674233
-0.46003
0.579146
0.951528
-0.146426
0.859865
-0.946163
-0.565519
0.275357
0.604071
0.153355
-0.41775
-0.633008
0.111312
-1.07033
-0.235503
-0.858708
0.100594
0.727874
-0.770348
0.752566
0.301329
0.903425
0.687593
0.347329
0.0283258
0.0314594
0.379009
1.05146
0.469025
-0.501184
0.671164
0.237524
0.410365
-1.11164
0.13096
1.04222
-0.897836
-0.340889
-0.180674
0.977634
-0.0980431
-0.521965
1.63018
-0.264931
-0.775271
-0.674443
-0.441118
-0.287182
-0.0750404
0.808636
-0.860282
0.83225
-0.0861732
-0.710692
0.354892
-0.484555
0.899544
-0.0999568
0.612243
-0.25829
-0.0867641
-2.81989
0.437315
-0.580684
-0.368224
-0.581853
0.933947
-0.966399
-0.480249
-0.837194
-0.659921
-0.591389
0.307176
0.750739
-0.504587
-1.3237
1.34303
0.291116
-1.10642
0.749639
0.264781
0.798113
0.165776
-0.729418
0.324158
0.16318
-0.280653
0.674748
0.272435
0.148818
0.0710502
-2.02954
-1.40032
0.562187
-0.926756
0.0967818
-0.663262
-0.755517
0.054902
0.0581035
-0.901308
-1.01409
-0.657996
0.0429711
-0.169658
0.309284
0.948817
-0.190264
-1.07766
0.283108
0.542094
0.184423
-1.61744
0.837129
1.10324
-0.420785
0.885567
-0.672803
0.823317
0.158466
-0.221037
-0.0088961
0.522318
-1.34948
-0.29496
-1.06901
-0.232948
1.13313
0.420393
-0.198722
0.730855
0.360237
-0.226319
0.714071
-0.416537
-0.166466
0.152591
-0.334768
0.158893
0.631999
0.259632
0.626059
-1.2483
-1.4216
-0.040811
0.360881
1.76797
-0.319861
0.311065
-0.513163
0.733191
-0.6454
-0.600854
0.332963
-0.27969
0.351097
-0.918387
-0.56439
-0.776289
-1.03338
-0.00426074
-0.693317
0.394574
-0.259923
-0.272275
-0.223479
0.297933
0.388745
-0.6269
0.147808
0.252873
-0.00288149
-0.163869
-0.886022
0.163455
-0.930108
1.00403
1.15048
1.07098
0.455733
0.801081
0.298065
1.07632
-0.204364
-0.328673
-0.923141
0.343356
-0.636498
-1.10279
-0.701559
0.477644
-0.180542
-0.394492
0.190961
-0.0269149
0.00556351
0.015717
-0.23046
0.450825
-0.760505
-0.0235472
0.468407
0.79944
-0.187309
1.02768
-0.797965
0.105931
0.584508
-0.367885
-0.263284
-0.175214
-0.69298
-0.147758
-0.217627
-0.558963
-1.01147
-0.231204
0.679217
0.684925
-0.220357
0.361662
0.263539
0.454354
0.632967
0.00676855
0.314388
-0.818007
1.05155
0.814509
-0.333209
0.178869
0.802567
0.555931
0.313423
-0.245755
-1.22522
-0.492402
-0.471878
-0.491289
0.489243
-0.462337
0.56372
-0.36041
0.471262
1.02224
1.32046
-1.18891
0.0711386
-0.389836
0.494233
0.370487
-0.280436
0.608389
0.538925
0.835996
0.728166
0.789816
0.157484
-0.600208
-0.0607837
-0.30624
-1.09521
1.40103
-0.261219
-0.658132
-0.385228
-0.120942
-1.14278
0.558245
0.538527
-0.785361
-0.196359
0.183018
-0.206891
0.355054
-0.610567
-0.0464843
1.15511
-0.899788
1.4023
-0.612771
-0.651723
-1.40272
-0.537539
0.193336
0.738452
-0.117763
-0.299451
0.778353
-0.495439
0.279126
-0.78103
-0.611546
0.481637
-0.20736
-0.424995
0.946317
-1.65664
-0.906064
-2.02824
-0.377307
0.518456
-0.0141927
-0.420039
-0.177106
-0.53031
0.122909
0.253469
-0.457494
0.453661
0.725539
0.089246
-0.312206
-1.51644
-0.81204
-0.480026
-0.982702
0.638209
0.0255086
-0.731596
-0.123295
0.393383
0.83669
0.762948
0.387558
-0.578019
0.853415
0.0634316
0.590288
0.783812
-0.0307097
-0.0498768
0.816645
0.272599
-0.0467509
0.130589
-0.637755
-0.610653
0.61267
0.0822376
-0.619621
-1.17205
0.0777455
0.663578
-1.01097
-0.653181
0.255298
-0.863488
-0.123908
-0.691824
-0.887202
-0.974975
-0.238509
-0.815662
0.765019
0.285488
-0.502631
0.867222
0.406683
-0.27679
-1.02087
-0.555035
-0.289612
-0.0279334
1.49129
-1.01209
0.652089
-0.573562
0.194721
0.280691
1.13783
-0.307565
-0.590843
-0.215294
0.609381
-0.332437
-0.193956
0.101259
-0.715235
0.924279
0.284817
0.404312
-0.0779776
0.423261
1.57255
0.47344
0.667234
0.407249
0.589574
0.349573
-0.292732
0.189088
-0.29838
-0.124833
0.303809
-0.172782
0.0610166
0.0751659
1.26608
0.388973
0.53032
0.164526
-0.266585
0.504378
0.510751
1.02145
-0.548814
0.514507
0.862385
-0.0124674
0.872507
-0.0542786
-0.0492841
0.0603846
0.727159
1.19498
-0.610705
-0.496078
-1.1387
0.398826
1.04551
0.209079
-1.0658
0.265125
-0.872827
0.136712
-0.0189917
0.0875424
-0.901064
0.534594
-0.730896
1.1982
-2.08485
-0.376366
0.320475
-0.442414
-0.438858
0.557703
-0.224567
-0.252176
-0.5527
0.322085
-0.637138
-0.0697951
0.0351402
0.699664
-0.584922
-1.06831
0.439374
-0.893679
-0.28613
0.654653
-0.524363
0.59808
0.205723
0.322982
-0.0292452
0.510365
0.532004
0.951127
0.244064
0.0116026
-1.12392
0.403635
1.14558
1.00818
-1.15982
0.996868
0.522752
-3.25153
-0.217667
0.487406
-0.868696
-0.917851
-0.610771
-0.196025
0.19924
-1.00454
0.45388
0.0965723
-0.0595937
0.663283
0.855038
-1.65264
-1.22
0.617725
-2.06605
0.941777
0.340443
-0.595842
-0.849431
-0.232625
-0.0592935
0.186996
-0.79779
0.961452
-0.524636
-0.791986
-0.318961
-1.01814
-1.21404
-1.57758
0.542344
0.0399987
0.630538
-1.12247
0.0684039
-0.176876
0.618682
0.0649729
0.0366347
0.786012
-0.0721122
-0.165671
-0.428326
1.01017
0.222831
1.32232
-0.739247
-0.0182195
-0.477458
0.446619
0.372797
-0.450802
0.880393
0.548877
-0.125265
0.124355
-0.824355
0.221148
0.497922
0.678355
-0.773987
0.620748
0.430496
0.360367
0.751091
0.593559
-0.433606
-0.0866001
0.0181579
-0.833845
0.287569
-0.649723
0.556029
0.624666
-0.54001
-0.63658
-0.0272503
0.382261
-1.33842
0.76495
-0.294108
0.596301
-0.0139222
0.86799
0.538599
-0.339069
-0.139407
0.691423
-0.299007
-0.740607
-0.863007
-0.460988
0.644014
0.591177
0.028672
0.477713
-2.10296
0.789884
-0.520005
1.10876
-0.551267
-0.186214
-0.987994
-0.488808
0.633956
0.704924
0.798944
0.265885
0.252627
-1.11057
0.453329
-0.516891
-0.7304
1.22208
-0.285005
0.788934
0.497717
0.0304868
1.24477
-0.229362
0.499497
0.940744
0.860253
0.757348
0.392828
-0.743977
-0.426976
1.02651
-0.572415
0.808763
1.64108
0.606034
-0.938231
0.799571
0.549614
0.272753
0.664745
-0.76373
0.331069
-0.12193
0.353008
0.54844
0.928978
-0.988834
0.532099
0.237734
-1.36865
-0.753546
0.24909
-0.686819
0.901569
-0.0787623
-0.955588
0.176706
0.848355
-0.617038
-0.789672
0.589881
-1.03743
0.181683
0.407291
1.02042
-0.0728526
-0.183074
1.13638
1.09634
0.293741
-0.317357
0.546782
-0.464086
-0.485306
-0.912488
0.0739504
-0.112983
-0.71179
-0.694485
0.769933
-0.806951
1.33855
-0.522984
1.01081
0.881022
0.120026
-0.555773
0.359796
0.0506499
0.0210109
-0.0580233
-0.991247
0.676527
-0.455703
-0.408186
-1.11045
0.443895
0.231508
0.985162
0.364473
1.3026
-0.676014
1.15256
0.478927
-0.472683
-0.0548779
-1.40352
-1.00735
0.473237
-0.35212
0.80379
-0.0118704
-0.326276
-0.823053
0.288323
-0.525399
0.510398
1.90918
-0.279865
0.501561
-0.468123
1.06529
0.207116
-0.196848
-0.465197
0.636007
-0.104881
0.689756
-0.233005
-1.67796
-0.0370867
0.254824
0.25867
-0.114654
0.805799
-0.923974
0.265961
0.767754
-0.84343
0.767432
0.0450598
0.156342
-1.13067
0.953181
1.09397
-0.0672775
-0.287637
-0.190953
0.308543
-0.161864
0.0689543
-1.41304
-1.11126
-0.682191
0.874691
0.308671
0.825014
-0.038143
0.29027
-0.969512
-0.194506
-0.153084
0.0598894
-1.63201
0.887342
-0.310671
0.695505
0.945687
-0.0202485
-1.21741
-0.90588
0.121433
0.473923
-0.601978
-0.633956
0.565917
0.566921
-0.556046
-0.291833
-0.0396899
0.0683332
0.224146
-0.84654
1.23879
-0.780623
0.475932
-1.16865
-1.13072
-0.767754
-1.39995
-0.103481
0.93634
-0.769752
-0.92686
-0.320933
0.380715
0.0809325
0.177128
-0.0582144
0.804055
-0.51888
-0.636988
-0.481512
-0.514284
0.863862
0.0967132
0.0673599
0.50091
0.503983
0.314462
0.611374
-0.373936
1.57697
-0.40865
0.961879
0.519362
-0.812493
0.254512
-0.264891
-0.904395
-1.12458
-1.02836
-0.0904263
0.545333
-0.817893
-0.857589
-0.450575
0.449933
0.576749
1.09263
0.382
-0.319741
0.55531
0.820611
0.797283
-0.7775
0.0244843
-1.2047
-1.00358
-0.938231
0.575614
0.27874
-0.460823
-0.60693
-0.316399
-0.619495
0.649615
-0.665945
-0.791297
0.127208
-0.520049
0.775543
-0.5891
-0.232355
-0.213669
-1.16208
-0.637135
0.624479
-0.564757
-0.0748321
-0.324389
-0.0928751
0.295421
0.807579
0.908271
1.17687
-0.639172
-0.806408
-0.418029
0.626777
1.0502
-0.68364
0.656308
0.644826
0.13906
0.0253644
0.210246
-0.124867
-0.566417
0.884044
1.03401
0.502932
0.547568
-0.48315
-0.732579
-1.29324
0.129979
0.0474659
0.799057
-0.55099
-0.0431226
1.23928
0.691749
-0.118963
1.0131
-0.529946
0.0519026
-0.545767
0.859684
0.5442
-0.231279
-0.122986
0.433768
0.136923
0.0107264
0.0364573
-0.517945
-0.561449
-0.249839
0.424572
0.123192
0.433551
0.0859163
-0.500532
-0.0163308
-0.83018
0.464268
0.806391
-0.196119
-1.90958
0.118481
-2.57133
1.83196
0.0552443
0.0811487
-0.0856705
0.0805558
0.286779
0.355388
0.105246
0.497385
0.345458
-0.637642
-0.0509987
0.416203
-0.679288
-1.21922
-0.89425
-1.91536
1.96302
-0.828999
-0.5103
2.71636
-0.18448
-0.0740511
-0.737565
-0.292251
0.919975
1.69903
-0.256927
-0.335403
-0.283418
-0.98501
0.657825
-0.148016
-0.687835
-1.15644
-0.566732
0.573717
-0.20124
-0.891759
-0.954144
-0.54539
-0.556098
0.061575
-0.0828608
0.299462
-0.842099
0.0425451
0.596515
-1.53661
-0.767699
1.4065
-2.00379
0.533115
0.135167
0.926429
-0.891953
0.531306
1.14354
0.259628
0.188144
0.775272
0.224424
-0.658199
0.853161
-0.285265
-2.00265
-0.524494
0.716455
-0.865636
0.62932
-0.455061
2.22704
-0.423303
-0.136173
-0.517031
-0.948994
0.134874
0.45552
-0.206039
0.471249
1.05799
-0.75096
0.497272
0.0427546
2.39157
-0.297803
-0.556143
-0.435286
0.191148
-0.0353641
-0.726896
-0.505
-0.743061
-0.871634
0.436312
0.700956
-0.190846
0.548706
-1.00186
0.33468
0.239018
2.17903
-3.81757
0.390292
0.49382
1.00957
0.729139
0.409929
0.282116
-0.349362
0.477372
-0.707473
0.0979285
0.0113827
-0.425857
1.03505
-0.207964
-0.239166
0.552577
-2.25073
-0.297283
-0.661977
0.13256
-0.81521
0.226848
0.730918
-0.910444
-0.107444
-0.0893512
0.977087
-0.392889
0.23513
0.787325
-0.295493
1.1073
0.644621
0.772733
-0.320142
0.317057
0.494687
0.707887
-1.04912
-0.816492
0.190419
-0.948482
0.779034
-0.125694
0.99208
0.112204
-0.769888
-0.000240409
0.185532
0.657714
-0.454202
-0.650741
-0.789483
-1.00553
-0.62463
-0.780596
0.831124
0.68295
-0.429623
-0.125799
0.158706
0.146421
0.836364
-0.32236
-0.0812043
0.144374
0.806531
-0.444618
0.886422
-0.325175
0.73005
0.714814
0.624037
0.10965
0.248245
0.521431
-0.326523
-0.64715
-0.368913
-0.799032
-0.260024
-0.16503
0.0395233
-0.203223
0.586582
-0.330431
-0.714347
0.949113
0.45113
0.421641
1.28838
-0.498239
-0.755485
-0.223773
-0.416372
-1.06098
0.114208
0.570866
0.220966
0.892939
-0.879047
1.40506
-0.537395
-0.554674
0.312703
-0.2367
0.20702
0.117963
0.595338
0.707372
-0.350135
-0.0929563
0.545329
0.439796
-0.791332
-0.0126458
0.259278
0.667496
1.50356
-1.13418
-0.0499588
-1.10154
-0.363016
-0.400686
-0.196974
0.791026
-0.540952
-0.373453
-0.6368
-0.220689
-0.557224
-0.486222
-0.539412
-1.06077
0.126425
0.192666
-0.545745
0.927366
1.03378
-0.307185
0.755937
-0.521449
-0.0152601
-0.0346015
0.128228
-0.440205
0.722866
-0.378561
-0.512378
1.19732
0.43722
0.244213
1.20907
-1.54449
-0.478072
-0.422234
0.712663
0.590224
0.142235
0.418641
-0.480017
0.751941
0.0433346
-0.813883
0.672203
-0.932117
-0.0374497
-0.541732
0.584808
0.766423
-0.954551
-0.718558
0.611502
-1.03117
-1.24316
0.899039
-0.0813124
0.517532
-0.581792
-0.736487
-0.0263719
0.32414
0.0833369
-0.00312597
0.535533
-0.569638
0.603466
0.987972
-0.702017
0.967608
-0.0951593
-0.94914
-0.787727
-0.505384
-0.600623
-0.532577
-0.538834
0.853929
0.119961
0.465777
-0.605055
0.211405
0.54148
1.31378
1.00666
0.68865
-0.288604
-0.960177
-1.09999
0.874932
-0.649982
0.780004
-0.267223
0.979299
-0.301097
-0.539645
0.432302
0.80245
-0.563448
0.161105
0.968304
-0.370495
-0.0343333
0.580755
0.452273
0.554613
0.512651
0.127438
0.673929
0.302612
-0.39504
-0.444123
-0.771265
0.596048
0.95293
-0.131023
-2.00735
0.150884
-0.440966
-0.899716
0.289622
-0.572742
-0.0612442
-0.804238
0.571227
0.173738
0.586597
-0.583199
0.172693
0.592908
-0.246515
0.23084
0.672734
-1.00528
0.2118
1.10524
0.418805
-0.62761
0.646472
-0.710523
0.41162
-1.0735
-0.762244
-0.947605
0.133333
0.362185
-0.0510794
-0.50793
-0.848412
-0.440291
-1.50853
1.62928
-0.50446
-0.496628
1.18317
-0.170457
-0.37029
1.00709
0.946883
-0.738385
-0.366015
0.462078
0.242618
-0.3494
-0.344624
0.182304
0.89697
-0.292749
0.31589
0.840254
0.108799
-0.861275
-0.0426396
0.738233
0.489478
-0.319751
-0.154282
0.074035
0.122203
-0.405972
0.665877
0.415653
-1.41379
0.151907
-2.87816
0.539375
-0.20612
0.582568
0.381101
0.654217
0.558732
-0.0560446
-0.559465
-0.156071
-0.585763
-0.210614
0.182383
-0.214765
0.251784
-0.103058
-0.61451
-3.36074
1.97169
-0.847276
-0.556444
0.883788
-0.376931
0.837198
-0.0525533
-0.679161
0.0647906
0.823433
0.663889
-0.0923344
0.910302
-0.202672
-0.0398461
0.827771
-0.464323
1.51313
0.0450565
-0.226234
-1.49512
-0.587456
0.392379
0.31747
-0.825193
-1.06253
1.0125
0.857127
0.402703
-0.44592
-0.0841397
0.542107
-0.5606
1.35465
-2.48015
-0.968314
-0.343181
0.347234
-0.556858
-0.342633
0.146384
0.703577
-0.132328
0.284313
0.376805
0.103512
0.0903462
0.167574
0.273722
-0.615365
1.72943
-1.25625
-0.465249
-0.776849
-0.120298
0.175805
0.554871
-0.0866046
-0.0619156
0.230651
-0.265934
0.323497
-0.543832
0.89408
-0.185299
0.542664
0.409247
1.28396
0.544795
0.231581
0.261208
-0.480484
0.505647
0.434344
-0.886478
0.524579
-0.365142
0.289583
0.651588
0.115578
-0.479779
0.221498
-0.737564
-0.51435
1.34337
-3.43684
-1.2525
-0.658071
-0.411122
-0.635193
-0.592361
-0.585718
0.328147
0.3001
0.822515
0.294608
-1.19048
-0.428453
1.11783
-0.449278
-0.352434
0.455655
-3.15647
-0.673876
0.922239
0.147647
-0.690612
0.116656
0.856953
0.0714535
-0.506995
0.291121
-0.286061
0.638251
-0.740168
0.507234
-0.0160385
-0.772279
-0.629041
1.2013
-0.0673622
0.728263
0.698746
-0.214774
-0.942235
0.726325
-0.0321447
-0.346803
0.0822284
0.567402
-1.36384
-1.13906
0.0594048
1.07463
-0.00578433
-0.0615681
0.814284
0.0781157
-0.407086
0.238386
-0.384347
-0.99049
0.144648
-0.957946
0.288619
-0.783522
0.412651
0.0800707
0.354348
0.780677
1.05254
0.197039
-0.708153
-1.23107
-0.553069
0.466903
0.776412
-0.222152
-0.352077
0.868592
0.169725
-0.296089
0.147423
1.04707
0.247293
0.849661
-0.329582
-0.34373
-0.221123
-1.2366
0.891266
0.600264
0.284646
-0.972649
0.0946137
0.750721
-0.520524
0.238941
-0.581505
-0.524175
0.520072
1.33662
0.31157
0.878904
0.16085
0.775913
-0.301733
1.33876
0.439655
0.462142
-0.843172
0.307535
-0.530134
0.078753
0.201706
0.45197
0.56693
0.824972
-0.390813
-0.393483
0.338106
-0.115597
-0.422965
-0.024976
0.305204
-0.0235747
0.166112
-1.18267
0.301703
-0.727209
-0.70103
0.890558
-0.886611
-0.0725309
-0.732675
0.261297
-0.284872
-0.212047
-0.970167
-1.03242
1.01765
-0.940791
1.62278
0.757927
-1.26531
-0.386973
-0.678643
1.04068
0.405702
-0.284765
0.416958
0.271262
0.49649
0.576675
0.47546
-0.875988
-1.02376
0.2066
0.559043
0.406959
-0.969787
-0.701175
-0.282548
0.842817
0.872639
0.346486
-0.482722
-0.872384
-0.404095
0.349344
-0.00991809
-0.762477
-0.895128
-1.08457
1.86832
-0.53597
-0.452702
-0.991211
0.319971
0.739018
0.464608
0.565484
-0.628011
0.365496
0.195155
0.381145
0.919976
-0.945483
0.857832
0.365803
0.159894
1.13956
0.140428
-0.325785
0.797235
0.766685
-0.644887
-0.441579
0.323126
0.730331
0.348824
0.656398
-0.0445402
0.672614
0.146593
0.388964
-0.901768
0.505695
0.141848
1.13121
0.780593
-0.371746
0.0605751
-0.75746
-0.0720455
0.952372
0.729848
-0.502349
-0.631833
0.788993
-0.38922
-0.849989
0.892156
0.592664
-0.477216
0.234509
-0.0854506
0.415862
0.882138
0.289401
0.321395
-0.163114
0.125201
1.19532
0.281967
-0.270082
-0.105249
-0.116119
0.33678
-0.197883
0.816612
-0.415561
-1.24189
0.0794692
-0.434206
-0.0920743
-0.805981
0.218733
1.06737
-0.599909
0.50685
0.209236
0.624034
-0.775349
-0.540078
-0.119511
0.227997
0.421843
-0.80372
0.453643
-0.465227
1.69145
-0.802301
-0.0701719
-0.894685
0.255579
-0.453322
0.495097
0.624765
0.163522
0.142598
-0.874234
-0.90673
0.965306
-0.00952377
0.179211
0.99148
1.58039
1.59176
0.830683
-0.639972
-0.199214
0.327748
0.529817
-0.0128196
0.493339
-0.489429
-0.247182
-0.395797
0.547331
0.373649
-0.866233
-0.377754
-1.02555
0.538128
0.789153
0.534532
0.111708
-0.566919
-0.228779
0.527891
-0.0803224
-0.379704
0.500259
0.953801
-0.516762
-0.661461
0.641931
-0.262684
0.342992
0.120044
-0.764059
0.0443733
0.629994
0.435817
-0.914725
0.00198617
0.954692
0.196724
-0.0599914
-0.721747
0.150636
-0.48606
0.300798
-0.375037
0.241502
0.699881
0.130526
-0.578027
-0.427218
0.315165
1.03219
0.682171
0.0949908
0.480614
0.135048
0.887134
0.0171457
0.304696
-0.480919
-0.524473
-0.508343
0.638277
-0.132692
-1.17152
0.221685
0.94486
0.636952
-0.404548
-0.432142
0.0567397
0.904109
-0.459113
0.78354
1.21278
-0.772445
0.114916
-0.816711
-0.144369
-0.738371
0.7563
1.55748
-0.0943847
-1.70124
0.504074
0.796484
0.047546
0.752073
-0.324032
-0.702011
-0.938667
0.617304
-0.928856
-0.11701
-0.664322
-0.476242
-0.70379
-0.240345
1.16384
1.09788
-0.194903
0.851741
-0.231392
0.325436
0.287969
-0.859305
-0.396795
-1.01583
0.403963
1.01505
0.422212
-0.174578
-0.1982
-1.29186
0.219193
-0.981998
-0.901174
0.0377423
0.0218818
0.557933
0.330241
0.189851
0.253406
-0.76696
0.848433
0.817817
-0.855491
-0.866245
0.0212724
-0.810511
0.986226
0.211305
0.426534
1.07158
0.0557496
0.225196
0.449219
-0.516364
0.781006
0.712119
-0.321621
-0.753524
-0.914963
0.949932
0.901973
0.230519
-0.735628
-1.42881
-0.317882
0.00405995
0.517427
0.455443
0.609119
0.671786
0.678975
0.37222
0.877356
-0.729254
-0.605757
-0.684631
-0.090886
-0.312448
-0.395027
0.457676
0.415574
0.7439
-1.18155
-0.503526
1.03281
-0.904599
1.18277
-0.532593
-0.468355
-0.479679
0.246128
-0.500344
-0.281645
0.785166
-0.0857748
0.633974
0.591653
0.179564
-0.514782
-0.100213
0.188165
0.460922
0.96411
1.37832
-0.0734131
-1.35884
-0.83869
0.0541945
0.647736
0.0768167
0.242184
0.307061
-0.451159
0.482124
-0.347686
0.631673
-0.616785
0.622882
-0.638227
-0.163915
-0.0217084
-0.358027
-0.639582
-0.316899
-0.748651
0.550564
-0.341837
-0.837919
0.803976
-0.289548
0.0205858
-0.153141
0.282142
-1.05817
-1.01314
0.641775
-0.608936
0.245727
0.419963
0.991236
0.193046
0.446443
0.581087
0.957966
0.58511
-0.646412
-0.121194
-0.0303651
0.964558
0.640157
-0.0589091
0.646957
0.399177
-0.206946
1.23168
0.865173
0.0417377
-0.444555
0.0734462
0.335423
-0.186918
0.940882
0.266507
-0.749052
0.050809
-0.484271
0.584302
-1.07569
-0.929611
0.900281
0.383038
-0.695283
0.140731
0.949889
1.04302
0.0801944
0.0283155
0.363349
-0.863715
0.629506
0.577237
0.122935
-0.713831
-1.1518
1.00451
-0.941591
-0.86935
-0.738334
0.266021
-0.396062
0.334776
-0.821545
-0.452416
-0.958541
-0.450488
-0.201079
-1.0109
-0.914297
0.277077
0.735479
-0.413401
-0.54235
-0.840864
0.523815
-0.210486
-0.670536
0.739313
-0.144965
0.159051
0.687405
0.163504
-0.598706
-0.303088
-0.406699
-0.0163404
0.474108
0.237627
0.421979
-0.114857
-0.588594
-0.742797
-0.160253
0.144925
0.87837
0.803478
-0.88467
-0.85077
-0.833143
0.357352
-0.306981
0.813767
0.638749
0.00949858
0.396903
-0.417957
0.740402
-0.30547
-1.37282
0.721915
0.604898
0.373417
1.16844
-0.464457
-0.923537
-0.0786115
-0.439168
-0.230932
-0.595049
0.708903
-0.992112
1.56092
0.238994
-0.542566
1.95475
-0.0213041
0.228248
-0.00937067
-1.00559
0.16195
0.453067
-0.708182
-0.451609
0.73596
-0.283986
-0.427643
-0.0646754
0.813519
1.57793
0.459517
1.01437
0.672185
0.488646
0.383526
-0.806072
0.838255
-0.838651
0.89821
0.449166
0.0110278
-0.222968
0.488145
-0.846015
-0.568909
-0.163815
-0.42437
-0.961315
-0.911049
-0.139734
-0.299499
0.697379
0.0479876
-0.385643
-1.19747
-0.80642
-0.400569
0.0557511
-1.00629
0.561475
-0.921755
0.763074
0.37931
-0.521198
-0.186795
1.55935
-0.809722
1.46502
0.830256
0.0787077
0.196083
-0.940499
0.144881
0.341844
0.402996
0.835231
0.162047
-0.500254
-0.554619
0.597139
0.347351
0.523917
1.91198
0.215336
0.138161
-0.763665
-1.24939
0.772288
-0.984402
-0.578789
0.3078
-0.588809
-0.647295
0.558193
0.647538
0.719566
-0.935652
-0.392683
-0.637909
0.0251686
-1.77097
0.253796
0.51207
0.238949
0.568217
0.0644118
-0.122068
0.000238962
0.23538
-0.588224
-0.406612
-0.735017
-1.00618
0.186748
-0.880917
0.897745
-0.000393693
0.629319
0.224665
-0.888607
-0.111582
-0.266204
-1.42984
-0.198633
-0.765332
-0.427367
-0.467875
-0.878389
-0.0837968
-0.335512
0.705469
-0.846456
0.159664
1.59393
-0.0369798
-0.462322
0.578295
0.709377
-0.904557
-0.7808
0.0282549
-0.0230736
-0.134929
-0.907322
0.378803
0.989569
-0.76778
-1.03114
0.608393
0.711208
-1.39402
1.32004
-0.229327
0.420759
-0.188781
0.139539
-0.600642
-0.482039
0.130003
0.186227
0.37857
0.710082
-0.0670301
-0.174158
0.0715431
1.26336
-0.271629
-1.27287
0.790834
-0.950361
0.585803
1.26888
-0.591434
0.963118
-0.0830409
0.0797736
0.492223
-1.05997
0.493123
0.138238
-0.956425
-0.100567
0.0399771
-0.726077
1.07238
0.89511
-0.857683
0.504135
0.192948
-0.400447
-0.694077
0.637167
0.147325
-0.50871
0.33603
-0.850255
-0.439947
-1.01979
-0.166023
-0.372699
-0.546167
0.253913
-0.394648
-0.376545
0.694327
-0.734179
-0.287501
-0.539282
0.276724
-0.29762
-0.298325
-0.715829
-0.233656
0.116288
-0.735406
-0.425158
0.0973327
0.506878
0.538871
-0.912888
-0.29213
0.991577
-0.486539
-0.353972
-0.112997
-0.779204
0.567702
0.731037
0.0509162
-0.093533
0.84994
-0.853811
-0.0381055
-1.17146
-0.0573544
-0.0708142
1.61207
-0.862206
-0.0972625
-0.723845
-0.370363
-1.01007
0.260207
0.403291
0.467269
0.377797
0.146246
0.251242
0.426364
-0.356258
1.11028
0.439501
0.510681
0.343855
0.50027
0.105258
-0.273647
-0.343693
0.463126
-0.458065
-0.589354
-0.915465
0.0803646
-0.291573
-0.0816041
-1.29808
-0.335592
-0.117282
-0.776931
0.957552
-1.121
0.42266
0.636647
-0.442747
-0.630621
0.484334
0.664785
-0.50751
-0.916782
-0.964944
-0.500156
0.237422
-0.632976
0.0827733
-0.302316
0.747481
0.351769
0.624274
0.348853
0.820917
-0.196106
0.167548
-0.258819
0.344579
-0.284198
0.576941
-0.341924
0.190192
-0.393581
-0.226026
0.724773
-0.29601
-0.332543
-1.74539
-0.631504
-0.639342
-0.719779
-0.576966
0.144154
-0.787308
0.89859
0.440174
0.722815
0.121699
0.0308943
-0.0133391
-0.703527
0.455865
-0.533636
-0.463579
0.113302
-1.19487
0.389141
-0.115635
0.158654
-0.1337
-0.880022
0.101547
0.783526
-0.128942
0.192299
-0.533585
-0.555943
0.0469853
0.985731
-0.198809
-0.470188
-0.508565
0.986845
0.0875587
0.314005
-1.36982
-0.409525
-0.694839
1.04528
0.954536
0.0289339
0.927547
-0.809512
-0.229705
0.247788
0.310564
0.124379
0.15481
-0.699969
0.346084
-0.630159
0.735893
-0.0232972
-0.253394
0.316323
0.807323
0.0968681
-0.725021
-0.106547
-0.273735
0.206312
0.408372
-0.33698
-0.13494
0.210064
-1.61973
-1.60387
0.0579668
0.816218
0.210219
-0.644915
0.458254
0.304711
-0.442632
-0.56234
-0.507194
0.105001
0.55632
0.261665
-0.832113
0.48906
0.892506
-1.28593
-0.994797
0.99897
0.345561
-0.0591167
-0.249338
0.583583
-0.71039
1.00791
-0.292214
1.22934
0.686966
0.78833
-0.78335
0.109765
0.234628
0.321822
1.06348
-0.570462
-0.0015998
0.465316
0.371088
0.362787
0.0366483
0.30192
0.857364
-0.0593345
0.771547
0.935367
-0.153338
0.470452
0.0694214
0.435325
0.675665
0.0410501
0.42341
0.0156539
-0.918577
0.652049
-0.232639
0.837189
-0.377225
0.247825
0.131616
-0.111912
0.909317
0.714272
-0.403682
-0.257163
0.134626
-0.749803
1.15959
-0.317208
0.0104012
0.0911587
-0.131405
-1.09244
-0.562736
-0.449175
-0.344422
-0.0436548
0.759803
0.601969
-0.24294
-0.163445
0.142811
1.11252
-0.186743
-2.70527
0.325916
-1.45448
-0.751335
-0.722463
-0.256104
-0.935245
0.553759
0.797254
-0.0244304
0.126439
-0.736036
0.40936
-0.649971
-0.126749
1.36929
0.567029
0.848519
-0.535285
-0.44983
-0.487289
0.152833
0.372516
-1.13805
0.165481
-0.804981
-0.915379
-0.814704
0.359365
-0.595331
0.927416
0.516066
0.205922
0.0875049
-0.261407
0.0673701
-1.01321
-0.885067
0.314972
-0.746056
0.538183
-0.634483
0.0936558
0.76852
-0.624727
-0.448293
-0.716127
-0.803347
-0.48082
-0.327554
0.884847
1.07565
-0.555225
0.805767
-0.875057
0.11435
-0.827342
0.695768
1.0829
-0.73884
-1.01093
-0.919172
0.284508
0.29079
0.293345
-0.321382
0.952708
0.420991
-0.532583
0.213699
-0.0260799
0.318644
-1.19072
0.10213
0.509641
-0.471685
0.705442
0.136919
0.105489
0.138762
-0.364371
-0.0938052
0.540711
0.611503
0.321407
0.13919
0.870721
0.270468
-0.300638
0.390025
0.434543
0.978971
0.823911
-0.195132
0.4616
0.676363
-0.199633
-0.438303
0.467237
-1.28061
-0.426081
-0.456917
0.262091
-0.691348
0.252586
0.79577
0.370836
-0.110317
-0.179678
0.576667
-0.796745
0.501075
1.04727
0.42892
-1.1018
-0.643237
0.134847
0.996225
-0.682245
-0.181985
-1.39644
-0.379316
-0.60094
-0.190368
0.783225
0.0462127
0.32228
-0.532417
0.0988332
-0.261156
0.526912
-0.780774
0.501264
0.798227
-0.461033
-0.349214
-0.0170828
0.87961
0.47219
0.00503552
0.955643
0.0449161
-0.106713
-0.274693
-0.887808
-0.915273
-0.602759
-0.369076
-1.11185
0.14396
0.102229
1.31966
0.120112
1.33671
-1.18864
0.0288135
0.325114
1.40968
-0.771012
-0.315277
0.683764
0.926696
0.0897979
-0.338827
0.782179
-0.929107
0.454491
-0.850937
0.329836
-0.255752
-0.2302
0.454921
-0.0824361
-0.468673
0.152068
-0.665252
0.27563
-0.672708
0.125432
0.530367
0.565685
0.112277
-0.201444
0.518574
0.689801
-0.760165
0.120146
1.04305
1.88046
-0.676158
-0.741508
-1.62564
-0.17655
0.33693
-0.988834
-0.152052
0.603495
0.683371
-0.829002
-0.477606
-0.242798
0.406162
-0.480875
0.281775
0.472258
-1.45455
-0.254894
-0.644093
-0.132392
-0.901329
-0.108647
-0.0200144
-0.747245
0.647913
1.06601
0.0182907
-0.39229
0.430049
-0.493408
-0.807761
0.135708
0.586035
-0.277055
-0.163432
0.892148
-0.906279
0.405888
-0.754238
-0.66967
-0.425643
-0.188919
-0.340753
-0.434187
0.144216
-0.609069
0.609603
-0.160606
-1.13023
1.22729
0.121153
-0.33606
-0.556749
0.227768
0.792951
0.352907
0.411937
0.938056
-0.16528
1.0564
0.256906
-0.964607
0.550509
-0.941441
0.0232518
0.258218
0.972677
-0.225413
0.801555
-0.995422
0.726817
0.0382405
-0.0194366
-0.231296
-0.208732
0.186841
0.52579
-0.126852
-1.17366
-0.922528
-0.108885
-0.443649
-1.01804
-0.98382
-0.59972
-0.597787
-0.933592
0.495034
-0.58666
0.501644
0.0213759
-0.958849
-0.575892
0.712297
0.716602
-0.955473
0.405597
0.180295
-0.854034
-1.04226
0.810716
1.15327
-0.226923
-0.0265816
-0.17742
0.442443
-0.771148
0.514415
0.19808
-0.142721
-0.329534
0.668446
-0.831237
0.0891133
0.266871
0.317144
0.525306
0.457829
-0.0027273
0.382875
-0.284951
-0.308935
0.805906
0.535531
0.906271
1.15327
0.350496
-0.624088
0.213794
0.51154
-0.423355
0.262521
-0.210021
-0.433607
-1.10755
0.311664
0.131016
-0.00778222
0.250421
-0.460951
-0.412244
0.551453
-0.10429
-0.34435
0.0513529
1.0047
0.798769
-0.509587
-0.622418
-0.607802
0.503039
-0.500196
1.50883
-0.214236
0.766533
-0.15743
-0.60689
0.79797
0.0293441
0.653958
-0.975435
0.36761
0.458244
-0.325873
0.373131
-0.910841
-1.61983
-0.267596
0.230857
-0.477155
0.898914
0.616504
-0.642915
0.0437682
1.23864
-0.0611035
0.922753
-0.781091
-0.148036
-0.432123
0.072178
-0.41859
0.819185
-0.614927
-0.072338
-0.455657
0.921834
-0.0859528
-0.415387
1.02169
0.88191
-0.673329
0.82889
-0.509113
-0.0480234
-0.579455
0.323663
0.265495
0.315685
0.50259
0.263197
0.0612968
1.17897
1.00083
0.692228
-0.957396
-1.86385
0.344716
0.256738
0.361858
2.72342
-0.844237
-0.888714
-0.491012
1.2255
0.885981
0.224455
0.650624
2.72209
-0.881804
-0.925464
0.431623
-0.241901
1.71312
1.68406
-0.939573
0.0250357
0.00191487
0.00858497
-0.789178
1.83369
0.120362
0.582411
0.0523392
-2.62758
1.02948
0.67174
0.722037
-0.959542
-0.235106
-0.750684
0.550523
-4.00549
0.919058
1.07365
0.354228
-0.091403
-0.151642
0.160927
0.106296
0.160164
-0.0125168
-0.0302608
-0.700491
2.70276
-0.794645
-0.875381
-0.687674
-2.12903
0.459148
0.549418
0.0921354
-2.7978
1.03848
0.66101
0.466597
2.90001
-0.863371
-0.966425
0.397259
-2.65174
0.77497
0.976196
1
0.0352941
0.309804
0.760784
0.00392157
0.294118
0.745098
0.0588235
0.290196
0.717647
0.0196078
0.290196
0.745098
0.0313726
0.27451
0.721569
0.0666667
0.321569
0.756863
0.0666667
0.317647
0.745098
0.0196078
0.298039
0.745098
0.435294
0.580392
0.854902
0.521569
0.65098
0.870588
0.278431
0.333333
0.45098
0.4
0.0941176
0.32549
0.509804
0.054902
0.290196
0.490196
0.0980392
0.333333
0.486275
0.121569
0.376471
0.0431373
0.298039
0.737255
0.690196
0.760784
0.909804
0.701961
0.752941
0.898039
0.372549
0.54902
0.545098
0.258824
0.298039
0.184314
0.717647
0.52549
0.560784
0.760784
0.494118
0.552941
0.705882
0.529412
0.588235
0.152941
0.403922
0.788235
0.270588
0.498039
0.835294
0.329412
0.52549
0.843137
0.188235
0.392157
0.45098
0.0627451
0.282353
0.121569
0.290196
0.294118
0.27451
0.396078
0.396078
0.372549
0.282353
0.309804
0.32549
0.0627451
0.368627
0.752941
0.117647
0.435294
0.823529
0.145098
0.439216
0.811765
0.141176
0.34902
0.556863
0.0392157
0.152941
0.301961
0.00392157
0.184314
0.380392
0
0.129412
0.278431
0
0.207843
0.45098
0
0.396078
0.815686
0.156863
0.486275
0.835294
0.380392
0.592157
0.843137
0.490196
0.643137
0.843137
0.2
0.513726
0.870588
0.113725
0.490196
0.858824
0.054902
0.470588
0.85098
0.337255
0.592157
0.878431
0.0745098
0.470588
0.835294
0.290196
0.560784
0.854902
0.231373
0.545098
0.835294
0.309804
0.552941
0.8
0.364706
0.6
0.866667
0.270588
0.564706
0.854902
0.207843
0.556863
0.854902
0.14902
0.541176
0.847059
0.054902
0.521569
0.85098
0.145098
0.533333
0.85098
0.109804
0.533333
0.835294
0.164706
0.545098
0.819608
0.266667
0.584314
0.862745
0.27451
0.588235
0.862745
0.341176
0.615686
0.870588
0.180392
0.576471
0.866667
0.152941
0.584314
0.870588
1
0.905596
-0.999914
-0.513654
1
-1
-0.997075
-0.998676
0.999978
-0.999999
-0.999603
0.994603
-0.997722
-0.95535
-0.0730814
-0.999939
-0.987111
1
0.787151
-0.729707
-0.919465
0
0
0
-0
0
0
0
-0
0
0
-0
-0
-0
-0
0
0
-0
-0
-0
0
0
0
-0
0
-0
0.150426
0.116776
-0.135985
-0.111804
-0.100945
0.106284
-0.0257798
0.000338017
0.0238995
0.0545421
-0.0228976
-0.111568
0.0152345
0.0988565
-0.0746791
0.0252399
0.0549418
-0.125316
-0.073528
-0.0914225
0.0105767
-0.043695
-0.0307035
-0.0192519
0.0539066
0.0138241
0.00433998
0.0047528
0.0678291
0.14772
-0.0116872
0.0339792
-0.0839365
-0.0721532
0.0400022
-0.115347
0.147257
0.0291945
0.120697
0.0703491
-0.128695
-0.00735513
-0.0320039
0.135983
0.0334522
-0.00793897
0.0805734
0.083571
0.00682186
-0.0972149
-0.0755281
-0.0144876
0.127845
0.064547
-0.000709237
0
0
0
0
-0
0
0
0
-0
0
0
-0
-0
0
0
0
-0
-0.0488481
0.0953343
-0.00766178
-0.0208058
0.103719
-0.0352357
0.00664994
-0
0.000104022
0
-0
-0
-0
-0
0
0
0
-0
-0
0
-0
-0
0
-0
0.020668
-0.0164673
-0.140841
0.08701
-0.0844843
0.0463389
-0.0805029
-0.105861
-0.104206
-0.0263975
0.00238174
0.0392425
-0.0605389
0.0805945
-0.0720231
-0.0431987
-0.0155672
-0.115303
0.0893353
-0.115919
-0.00474182
0.0978848
0.0897339
-0.0110479
-0.0901283
0.0984184
-0.0880293
0.115009
-0.12727
-0.053807
-0.118814
-0.0239753
-0.151222
-0.160707
-0.0929451
-0.134385
0.0679093
-0.163403
-0.0981129
-0.0374787
-0.088569
0.00616698
0.0368353
0.0523282
0.0442295
-0.122508
0.0592215
-0.0624298
-0
-0
0
-0
0
-0
0
-0
0
0
0
0
-0
0
-0
0
-0
0
0
-0
-0
0
-0
0
0
-0
-0
-2.62513e-05
-0
-1.4451e-07
1.32647e-05
-0.000262956
-3.91324e-06
0.000933135
0.156864
-0.000910039
-0.000331827
5.71566e-08
-0
-0
0.00196132
0
3.39268e-05
-0.863934
0.858194
