4
192
3
3
3
-0.997497
-0.388686
-1.42242
0.881925
0.170019
0.160228
-1.78184
0.55233
0.64568
0.677567
-0.520494
1.51948
0.421003
0.0893
-0.799227
-0.521457
-0.817194
-0.440221
-1.62065
-0.477868
0.97705
-0.154484
-0.816698
-0.384275
-0.982177
-0.354687
0.380748
0.516436
0.203528
-0.326366
-0.382233
0.592371
-0.0984222
-0.532948
-0.158478
0.759498
0.566637
0.336933
1.31544
-0.120151
0.751945
-0.0538862
0.210311
0.874395
0.0787072
-0.902342
-1.09474
-0.0451947
0.724479
-0.726453
-0.374038
0.929158
0.993591
0.360662
-0.424042
-0.239394
-0.467574
-0.682542
0.0168649
-0.330577
-0.248268
-1.01762
-0.443825
-0.529767
-0.982421
0.28761
1.32435
-0.842417
0.175817
0.0519634
2.93127
0.659027
-0.0301217
-1.02488
2.76628
-0.159503
-0.0840785
0.446017
0.931154
-1.21296
0.198096
-0.514662
2.30671
0.639302
0.14481
-0.670119
0.714939
-0.359583
-0.149693
0.177929
-3.92383
0.186775
0.503098
-0.432844
-3.46196
0.315639
-0.0162053
-1.0148
-2.20992
-0.0984184
-0.705008
1.00282
-0.463482
0.648127
0.385785
-0.37974
2.53031
-0.189897
0.933226
0.376897
-1.6392
1.102
0.643361
0.531049
0.73881
-0.702972
0.634388
-0.0237003
1.37339
1.02152
0.464034
-0.124762
-0.314245
0.842966
0.364483
0.946522
-0.392026
-0.117726
-0.75396
-0.561448
2.65826
-0.427596
0.0340282
-0.0426924
1.47663
-0.556214
0.898679
1.14278
-1.40187
-0.933033
-0.0565508
0.273655
-1.14101
-0.153234
-0.0878018
0.10944
-1.74172
-0.463323
0.478378
-0.193179
0.556586
0.0989739
0.678884
-0.0735421
0.668285
0.973738
-0.945067
1.11659
-0.229376
-0.896102
0.0626545
-0.564763
-0.687729
0.0556565
0.315226
-0.193846
0.416897
-0.171957
-0.780145
0.730773
-1.15318
1.20378
-0.427839
0.150001
-0.686919
0.0314002
0.66924
1.08171
2.17827
0.925132
-0.494552
-0.258235
0.22299
-0.602504
0.612476
0.356656
-3.1089
-1.13357
0.106418
-1.04517
-1.96137
-0.124391
0.50444
0.254708
-1.47028
-0.977128
-0.12656
-0.507952
1.01777
-0.493091
-0.126621
-0.57418
3.12236
0.859916
0.257363
-0.691802
0.170007
1.19615
0.391522
0.951185
2.44548
-0.110863
-0.6433
1.77954
4.1398
1.90453
-0.804987
1.30125
-0.238011
0.353447
0.863033
-0.532967
2.69799
-0.50088
-0.545396
0.713473
1.4978
-0.475176
0.256142
0.519756
-1.36861
-0.130794
0.195654
0.531628
-1.14002
1.24873
0.24955
0.135828
0.0473417
0.416969
-0.631459
-0.0747838
-1.11507
1.30238
-0.514267
-0.767529
-3.28672
1.24828
0.169225
-0.188254
-0.363084
-0.240498
0.48149
0.121727
-0.480959
0.772877
0.609058
-1.51101
1.6425
1.40636
0.823115
0.216772
1.01731
-0.676513
0.335551
0.916891
0.441238
0.225534
-0.388348
-0.014284
0.275393
1.18002
0.702445
1.57177
-0.425866
0.112368
-0.841304
0.221882
-0.824721
1.02449
0.0901822
-0.435946
1.87936
-0.452159
-0.0688803
-0.136221
2.39578
-0.341459
0.475997
-0.543653
2.31849
0.872689
0.746696
0.425989
-0.729549
0.497146
-0.745537
-1.31303
0.877138
0.377621
0.219275
0.400468
-2.89327
0.441178
0.307718
-1.24564
-2.15777
-0.51975
-0.545824
-0.891332
0.0239729
0.325637
0.325602
-0.790621
-3.43451
-0.61412
-0.00637835
0.415699
-0.338837
-0.447387
0.376324
-0.405485
2.04217
-0.00282613
-0.98822
0.548947
-1.38092
0.0750966
0.726493
-0.337983
1.60706
0.356779
-0.239784
-1.15418
6.72677
-0.294638
0.911435
-1.2204
5.21752
-0.512472
-0.736747
0.509544
-0.45689
0.014548
-0.944334
-0.470512
-0.2231
0.106362
-0.736747
0.555143
1.6478
-0.152774
0.443281
0.565679
-1.60947
-1.78211
0.415815
1.08219
-3.26225
-1.53716
-0.66216
1.13893
-2.49973
-1.19875
-0.26487
0.686611
0.390614
0.335488
0.0530717
1.12397
-0.440304
0.298805
-0.710379
1.3133
-1.29255
-1.15337
-0.72692
0.242559
-1.23887
-0.134878
0.146703
-0.524328
0.682571
-0.887401
-0.3773
-1.0156
0.159008
-1.23835
-0.431501
0.714473
-0.576183
0.347512
0.487594
0.138824
0.0805995
1.06414
-0.543016
0.668304
-2.38627
-0.759209
0.084811
-0.132178
-1.00505
-0.969507
0.0493485
-0.452893
-1.31062
-0.244742
0.783074
-0.3569
-3.09007
-1.11628
0.863277
-0.437057
-2.05617
-0.776905
-0.327189
0.296104
2.24536
-0.217051
0.892331
1.05526
1.00785
0.199237
0.387066
0.799392
-2.61981
-0.371168
0.0511795
-0.417042
4.95979
-0.489932
0.171117
-0.94454
6.52616
0.731327
-0.129002
1.82478
-1.29917
0.706627
0.203101
0.96079
-0.349845
-1.4088
-0.555345
0.510868
0.272515
-1.0606
-0.835505
0.246893
3.00147
-0.776187
0.62212
0.296212
-0.734824
0.257171
0.060274
0.572849
-0.359698
0.0109411
0.455794
-0.073015
1.71306
0.251769
0.289041
-0.0465198
-2.01103
-0.730403
0.89581
-1.1006
0.282943
-1.65823
0.963561
-0.45486
-1.85895
0.718519
-0.264931
0.0279285
-2.7864
-0.883462
-0.518906
-0.381465
0.0102451
-1.2687
0.805292
0.125589
-3.85856
0.0808537
-0.656423
1.08037
2.47404
1.0162
-0.578722
-0.0968878
-0.000157072
0.136694
-0.771905
-0.823178
-1.58502
0.584815
-0.922849
-1.21881
1.65929
-1.02205
-0.692984
-0.110036
2.99067
-0.0645188
-0.608692
1.06954
-0.895318
0.690615
0.818293
-1.29652
0.981159
0.0375391
-0.698477
-0.106243
-0.333538
-0.63832
0.886044
-0.10113
-1.09297
0.434985
-0.489425
-0.710529
0.495326
-1.41445
0.590503
-0.797531
-1.81589
-0.79288
0.181494
-0.529345
-1.0968
-0.148775
0.288675
-0.0252605
2.60465
-0.117646
-0.117405
0.734166
-0.137885
0.140399
0.184423
-0.425359
1.52381
1.05176
-0.21659
0.987495
0.69991
0.247784
0.1489
0.173635
-0.506261
-0.16806
-0.900754
-0.768184
0.65713
0.67883
0.790643
0.062169
0.581113
0.849045
-0.212867
-0.207627
1.04191
-0.365121
-0.223792
-0.430549
-0.6637
0.738213
0.490707
0.257393
-2.50822
-0.823283
-0.599658
-0.784227
-0.681657
0.397302
-0.264321
0.150192
0.297865
0.591631
-0.59386
0.241677
0.67145
0.0975616
0.375286
-0.790165
-0.0195123
-1.11082
-0.944395
-0.468381
1.17249
0.273741
-0.714652
-0.868088
-0.166899
-0.213762
0.449873
-1.33384
1.18726
-0.57126
0.309793
0.285067
-3.11142
0.710358
-0.900754
0.889648
-0.548518
0.904768
0.455733
0.0299497
-1.24509
0.239356
-0.255776
-0.433837
-1.7345
1.2735
-0.660878
-1.09159
1.46171
0.657578
-0.57506
-0.577632
-2.02475
-1.04167
-0.120273
-0.0772126
0.469288
0.502407
-0.197851
-0.304399
1.10348
0.0936515
0.24662
1.1345
-2.26513
-0.756805
0.727103
0.186292
-0.83135
-0.798744
-0.946593
0.866343
0.75817
-1.73785
-0.937925
0.58752
0.879465
-0.237806
-0.196203
0.310178
-0.960851
0.584504
0.750847
0.372626
0.218051
-1.07788
0.586352
0.140539
0.428103
-0.392507
0.138401
-0.263255
1.62982
-0.250786
-0.979553
-0.842292
-0.192063
-0.59429
0.542039
-0.970328
1.70715
-1.09783
0.451155
0.676674
-0.283998
-0.552287
0.0711386
1.1615
0.510488
1.0121
-0.605274
1.0208
1.10224
0.651126
0.697623
1.04305
-0.497872
-0.472316
0.233863
-0.267132
-1.49384
0.214329
0.57622
-0.699004
-0.536605
-0.50683
-0.837031
0.932238
1.28048
-0.285979
-0.385052
0.398024
1.26127
0.734415
-0.61626
0.396682
0.626211
-0.953122
0.295267
0.696557
-0.616209
-0.225669
-0.450056
0.634329
1.0175
0.456972
-0.257546
0.647984
-1.70761
0.549573
-0.536668
-0.698348
2.85737
-0.37595
-0.954222
0.622818
0.731152
-1.04033
-0.981506
-0.344833
-1.07091
-0.728585
-0.170873
0.176698
0.216564
-0.124678
0.398541
-0.0490882
0.961943
0.310861
0.0709555
0.367821
-2.15338
-0.837702
-0.480026
0.241755
2.71885
-0.600763
-0.825129
0.569782
1.22666
-0.0661334
0.728446
1.10388
-0.244621
-0.162874
0.289834
0.385366
3.09069
0.160734
0.743828
0.902912
0.154754
-0.267838
-0.119663
-0.842966
-1.06466
0.215064
-0.144566
-0.582826
0.493968
0.720837
0.547105
-2.177
-0.531208
0.164388
0.367779
3.27625
-2.16247
-0.136592
-0.903073
-3.44816
-1.97374
0.732447
0.295267
0.595909
-0.868914
-0.870731
-0.13657
-1.9609
0.748716
0.833312
0.308023
-1.35726
0.175886
0.0717006
-0.723136
-0.070474
0.0174871
0.0112809
1
0.0352941
0.309804
0.760784
0.00392157
0.294118
0.745098
0.0588235
0.290196
0.717647
0.0196078
0.290196
0.745098
0.0313726
0.27451
0.721569
0.0666667
0.321569
0.756863
0.0666667
0.317647
0.745098
0.0196078
0.298039
0.745098
0.435294
0.580392
0.854902
0.521569
0.65098
0.870588
0.278431
0.333333
0.45098
0.4
0.0941176
0.32549
0.509804
0.054902
0.290196
0.490196
0.0980392
0.333333
0.486275
0.121569
0.376471
0.0431373
0.298039
0.737255
0.690196
0.760784
0.909804
0.701961
0.752941
0.898039
0.372549
0.54902
0.545098
0.258824
0.298039
0.184314
0.717647
0.52549
0.560784
0.760784
0.494118
0.552941
0.705882
0.529412
0.588235
0.152941
0.403922
0.788235
0.270588
0.498039
0.835294
0.329412
0.52549
0.843137
0.188235
0.392157
0.45098
0.0627451
0.282353
0.121569
0.290196
0.294118
0.27451
0.396078
0.396078
0.372549
0.282353
0.309804
0.32549
0.0627451
0.368627
0.752941
0.117647
0.435294
0.823529
0.145098
0.439216
0.811765
0.141176
0.34902
0.556863
0.0392157
0.152941
0.301961
0.00392157
0.184314
0.380392
0
0.129412
0.278431
0
0.207843
0.45098
0
0.396078
0.815686
0.156863
0.486275
0.835294
0.380392
0.592157
0.843137
0.490196
0.643137
0.843137
0.2
0.513726
0.870588
0.113725
0.490196
0.858824
0.054902
0.470588
0.85098
0.337255
0.592157
0.878431
0.0745098
0.470588
0.835294
0.290196
0.560784
0.854902
0.231373
0.545098
0.835294
0.309804
0.552941
0.8
0.364706
0.6
0.866667
0.270588
0.564706
0.854902
0.207843
0.556863
0.854902
0.14902
0.541176
0.847059
0.054902
0.521569
0.85098
0.145098
0.533333
0.85098
0.109804
0.533333
0.835294
0.164706
0.545098
0.819608
0.266667
0.584314
0.862745
0.27451
0.588235
0.862745
0.341176
0.615686
0.870588
0.180392
0.576471
0.866667
0.152941
0.584314
0.870588
1
-0.909703
0.914842
-0.999663
1
1
0.749566
-0.278327
1
-0.982423
0.00677321
0.0131843
0
-8.33364e-05
5.24642e-05
-3.52778e-05
-0.000141337
-6.46716e-05
-2.02437e-05
-6.62605e-05
-8.03476e-05
0.000128122
5.47864e-06
-0.000176708
-0.000113873
1.81313e-05
-8.05893e-05
-0.00014958
0.000118966
0.000189086
3.91281e-05
0.000119424
7.88949e-05
-4.43023e-05
-0.000226763
-0.000280012
-0.000277831
0.000101365
0.000112377
-5.50888e-05
0.000119807
8.55262e-05
-3.71244e-05
0.000102303
9.54142e-05
8.90165e-05
6.37336e-05
-3.65567e-05
-9.7062e-05
9.81096e-06
3.31411e-05
0.000135585
-0.000121231
7.24996e-07
2.43532e-05
-2.4222e-05
0.000288492
-2.06129e-05
-0.000150164
-0.000263716
-5.91095e-05
-1.99502e-06
0.000124422
-8.30101e-05
0.000286241
0.000508687
0.000160674
0.000102518
0.000193675
-1.81615e-05
-1.76883e-06
2.14504e-05
-8.2203e-05
-0.000313077
-4.84411e-05
-1.44576e-05
-8.36141e-05
8.09197e-05
0.000129362
1.18114e-05
0.000137781
-1.7242e-05
4.08171e-05
8.90964e-05
4.76566e-05
4.49933e-06
-0.0001214
-0.000133594
-0.000170457
-0.000106412
-0.000296625
1.98982e-05
4.31037e-05
-8.29945e-06
3.12544e-05
0.000149765
9.25209e-05
1.52502e-05
-3.07e-05
7.14137e-05
-5.15809e-06
-1.20884e-05
-1.40606e-06
2.38279e-05
2.66647e-05
1.96465e-05
-1.18305e-05
-7.07655e-06
-2.74243e-05
2.65799e-05
2.41037e-05
-6.41956e-05
-2.68118e-05
-0.000141174
-0.000242668
-4.27691e-05
5.87295e-05
6.32051e-05
-1.19101e-05
5.14158e-05
5.51447e-05
3.96566e-05
2.61393e-05
2.11145e-05
7.06294e-05
-2.15878e-06
1.64918e-05
4.21149e-05
-4.84795e-05
-5.05503e-05
-8.44624e-05
-7.25676e-05
-2.0345e-05
-0.000171112
0.000306893
-1.31874e-05
-0.000187046
-5.12147e-05
0.00016849
7.85058e-05
-8.10539e-05
-2.98929e-05
-7.94679e-05
-4.77161e-05
-0.000195111
-0.000138451
0.000127288
8.12918e-05
4.05768e-05
0.000140025
-8.50421e-06
-6.15847e-05
3.77872e-05
3.72233e-05
-9.78131e-05
-0.000101992
-0.000132616
3.97367e-05
7.28398e-05
-0.000108038
1.24935e-05
-0.0001172
-0.000102756
-0.000163479
7.61199e-05
-7.55775e-05
-0.000171781
-4.62275e-05
-0.000205041
2.00016e-05
2.58403e-05
6.90539e-06
-2.86972e-05
0.000140413
0.00013245
-2.02601e-05
5.48965e-05
4.52873e-05
6.97007e-05
-0.000114262
-2.03876e-05
7.18825e-05
0.000181661
0.000205097
9.62048e-05
-0.000110828
-0.000116216
0.000183909
0.000110348
8.39105e-05
4.89169e-05
0.000124081
-2.04817e-05
8.8154e-05
0.00012113
-0.000112053
3.7809e-05
5.32559e-05
-8.84336e-05
0.000207286
0.000147665
0.000130817
0.000250507
0.000127798
-0.000180236
0
0.000136057
6.50069e-05
0
0
-0.000282257
-0.23894
-0.0147466
0
0.0849469
-1.14309
0.964249
