4
768
3
3
3
-0.997497
-0.137509
-0.639098
0.700916
0.170019
0.398547
-0.299539
0.792031
0.64568
1.20693
-0.651841
0.560731
0.421003
0.533056
-0.39207
-1.07833
-0.817194
0.43504
-0.705442
-0.932308
0.97705
0.043834
-0.761871
-1.31924
-0.982177
-0.0622787
0.0632847
-0.102829
0.203528
0.998217
-0.66757
0.105382
-0.0984222
-0.460028
-0.885963
0.132511
0.566637
0.454704
0.0397243
-0.416352
0.751945
1.06101
0.911737
0.683869
0.0787072
-0.758061
-0.0758996
-0.416789
0.724479
-0.630091
0.559248
0.884306
0.993591
1.10501
0.222915
-0.220147
-0.467574
-0.334421
0.680202
-0.937356
-0.248268
-0.684412
0.354324
-0.700003
-0.982421
0.95776
-0.448309
-0.554174
0.175817
0.669513
0.675088
0.282342
-0.0301217
-0.31365
0.487362
-0.0709397
-0.0840785
0.688992
0.488793
-0.515679
0.198096
-0.491808
0.469909
0.331366
0.14481
-0.618454
-0.696978
-0.408015
-0.149693
0.854736
0.0341396
1.44155
0.503098
-0.328058
-0.662137
0.630768
-0.0162053
-1.0176
0.399439
0.40957
-0.705008
1.288
-0.716956
1.15094
0.385785
-0.177761
-0.147014
-0.658554
0.933226
0.568373
-0.693667
0.993838
0.643361
0.0979311
-0.617412
-0.368406
0.634388
-0.085177
-0.689055
0.131091
0.464034
-0.182833
-0.441003
0.322762
0.364483
0.475235
0.443699
0.227331
-0.75396
-0.278321
0.669197
-0.698423
0.0340282
0.320526
-0.14772
-0.411297
0.898679
0.389078
0.0989947
0.162724
-0.0565508
-0.639955
0.693834
0.131178
-0.0878018
-0.907781
0.965813
0.26094
0.478378
-0.484914
-0.608095
1.13041
0.678884
-0.702684
0.00169923
1.3509
-0.945067
0.37341
0.145076
-0.194947
0.0626545
-0.890476
0.686026
0.659941
0.315226
-0.654263
0.684207
-0.451824
-0.780145
0.250536
-0.371958
1.16322
-0.427839
-0.455613
-0.719533
0.50405
0.66924
0.832718
0.200398
0.411769
-0.494552
-0.415871
-0.996846
-1.00439
0.612476
0.741413
-0.578898
-0.853109
0.106418
-0.46296
-0.772528
-0.284038
0.50444
0.834609
0.0868083
-1.10614
-0.12656
-0.634896
0.392276
-0.363155
-0.126621
-0.53038
0.155677
0.104573
0.257363
-0.60854
0.00820109
0.857995
0.391522
0.65508
-0.620238
-0.188982
-0.6433
1.17382
-0.0851531
0.666895
-0.804987
0.458203
-0.811259
-0.604448
0.863033
-0.841934
0.789157
-0.873024
-0.545396
0.463484
-0.178601
-1.13533
0.256142
-0.0179551
-0.0968176
-0.588628
0.195654
0.480219
0.709525
-0.0903168
0.24955
0.543696
0.131444
-0.66207
-0.631459
0.566911
0.110201
0.425438
-0.514267
-0.872449
0.209339
-0.00779356
0.169225
-0.162363
-0.0112181
-1.08882
0.48149
0.306141
0.24064
0.217377
0.609058
-1.3643
0.151913
0.328116
0.823115
-0.171504
0.455181
-1.41179
0.335551
0.483018
-0.370163
-0.309743
-0.388348
-1.56056
-0.783059
0.641917
0.702445
0.0684508
-0.69045
-0.689384
-0.841304
-1.34569
0.281729
0.242995
0.0901822
-0.392088
-0.182206
-0.329141
-0.0688803
0.225327
-0.694934
-0.588623
0.475997
-0.195183
0.653084
0.595621
0.746696
0.396009
-0.400032
1.18251
-0.745537
-0.17174
0.569689
-0.0422168
0.219275
1.69889
-0.855777
0.491343
0.307718
-0.593456
-0.790554
0.341639
-0.545824
-0.0321901
0.839719
0.115079
0.325602
-0.329076
-0.0152061
-0.351508
-0.00637835
0.0729248
0.0184135
0.350242
0.376324
0.00786198
0.212382
0.175733
-0.98822
0.30288
-0.79898
0.663029
0.726493
-0.375635
0.494599
0.593292
-0.239784
0.49766
0.105503
0.258895
0.911435
0.0115626
-0.646999
0.387093
-0.736747
0.446199
0.903361
0.707471
-0.944334
-0.14181
-0.888304
0.762696
-0.736747
0.74146
0.728468
0.697449
0.443281
-0.0311105
-0.970934
-0.431443
0.415815
0.0503571
-0.565255
-0.626758
-0.66216
-0.0307794
-0.318495
-0.181684
-0.26487
-0.0607128
0.604039
0.389993
0.0530717
0.348604
0.595385
0.492731
-0.710379
0.302137
-0.196189
-0.823716
-0.72692
0.999085
-0.868821
-0.249733
0.146703
0.208899
0.0945886
-0.799336
-0.3773
-0.201188
0.614472
-0.987638
-0.431501
0.582444
0.774348
0.406011
0.487594
0.0969006
-0.279118
0.696348
-0.543016
0.856632
-0.54413
-0.629386
0.084811
-0.0274167
-0.89258
-0.172798
0.0493485
-0.583364
-0.810723
-0.358916
0.783074
-0.466585
-0.706975
-1.01075
0.863277
-1.37692
-0.906006
-0.71528
-0.327189
0.542637
-0.202863
-0.0342529
0.892331
0.47858
0.0683729
0.778622
0.387066
-0.0644145
-0.481858
-1.21022
0.0511795
0.653563
-0.202719
-0.215116
0.171117
-0.653918
0.367906
1.34272
-0.129002
0.914617
-0.985861
0.478618
0.203101
0.355653
0.153136
-0.987304
-0.555345
-0.377159
-0.991704
-0.365333
-0.835505
0.12662
0.709997
-1.25803
0.62212
-0.676657
0.382725
0.145057
0.060274
-0.710095
-0.714786
0.0454072
0.455794
0.0257359
-0.938173
0.772577
0.289041
0.143367
-0.829521
-0.0996669
0.89581
-1.1254
-0.450548
-0.918547
0.963561
0.182748
-0.416234
0.977956
-0.264931
0.99323
-0.563662
-0.78999
-0.518906
0.745575
0.803564
-0.935773
0.805292
-0.797223
-0.841464
0.935264
-0.656423
1.00532
0.549737
0.778592
-0.578722
0.175184
-0.994564
0.488558
-0.771905
-0.971302
-0.380445
1.43727
-0.922849
-0.383543
-0.624597
-0.345502
-0.692984
0.553492
0.767514
1.02143
-0.608692
0.0674451
0.28947
0.466042
0.818293
-0.168138
0.840579
0.436234
-0.698477
0.226637
0.136982
0.0254932
0.886044
0.105938
0.155748
0.375388
-0.489425
-0.00854118
-0.301187
-0.595836
0.590503
-0.502098
-0.861219
0.179608
0.181494
-0.733282
-0.606786
-0.522508
0.288675
0.289823
0.205998
0.623569
-0.117405
0.644445
-0.209655
0.922424
0.184423
-0.610219
0.896384
0.885778
-0.21659
1.13132
-0.632538
0.957011
0.1489
-0.0656301
0.251407
0.548461
-0.900754
-0.829537
-0.482083
-0.375865
0.790643
0.204908
0.453726
0.534769
-0.212867
-0.419685
0.804402
-0.701396
-0.223792
0.310982
-0.295125
0.0780542
0.490707
0.912395
0.475921
-1.18934
-0.599658
-0.0415824
0.357799
0.43362
-0.264321
-0.00152243
-0.798895
1.03028
-0.59386
-0.150258
0.308232
0.209597
0.375286
-0.549474
-0.844041
-0.593202
-0.944395
-0.0652591
-0.401961
0.762517
-0.714652
0.0742064
-0.865756
0.774076
0.449873
0.003463
0.384949
0.3669
0.309793
0.530392
-0.819591
0.206282
-0.900754
1.406
-0.0733951
1.04431
0.455733
0.876204
0.35674
0.268932
-0.255776
-0.0858152
-0.900434
0.882365
-0.660878
-1.45904
-0.379041
1.26251
-0.57506
-0.542225
-0.0308421
-0.262161
-0.120273
0.0870439
0.21151
0.705669
-0.197851
-1.03615
0.685049
1.2526
0.24662
0.531773
-0.893392
0.625905
0.727103
0.54233
-0.388376
-0.624479
-0.946593
-0.557838
-0.219023
-1.15873
-0.937925
-0.833238
0.714402
0.832414
-0.196203
0.876254
0.220032
0.219974
0.750847
-0.0788016
0.186437
-1.37228
0.586352
-0.293151
0.177559
-0.181375
0.138401
0.58373
0.341207
-1.08475
-0.979553
-0.216915
-0.321664
-1.20879
0.542039
0.121076
0.734852
-1.3693
0.451155
-0.917438
0.783276
-1.0308
0.0711386
0.377962
0.555002
0.583916
-0.605274
0.522903
0.589584
0.624029
0.697623
-0.300058
0.252846
-1.07032
0.233863
-0.618223
-0.503849
-0.076843
0.57622
-0.643464
0.422543
-0.51356
-0.837031
-0.0511209
0.706933
-1.15984
-0.385052
0.02252
-0.0584544
0.301626
-0.61626
0.409874
0.985512
-1.05734
0.295267
0.448893
-0.655295
-1.21753
-0.450056
0.810673
0.673593
0.0718091
-0.257546
0.899733
-0.539366
0.400069
-0.536668
-0.638148
0.938514
-0.939319
-0.954222
0.471161
-0.700581
-1.27906
-0.981506
-0.471172
0.283383
-0.584368
-0.170873
-0.240755
-0.82179
-0.131153
0.398541
-0.438235
0.311209
0.489882
0.0709555
-0.0434061
-0.895973
-0.353775
-0.480026
-0.442036
0.723966
-0.1462
-0.825129
0.0693299
0.415394
0.412733
0.728446
0.700965
-0.417534
0.489013
0.289834
0.320822
0.654955
0.169887
0.743828
0.824352
0.822045
-0.333156
-0.119663
-0.875817
-0.295135
0.423513
-0.144566
-0.524282
-1.01772
0.213008
0.547105
-0.945324
-0.821901
-0.0809183
0.367779
1.04424
-0.695226
-0.647143
-0.903073
0.0049637
-0.981818
1.34041
0.295267
-0.895142
0.826726
0.952746
-0.13657
-0.476403
-0.518235
0.0530847
0.308023
0.158878
-0.971617
1.42637
-0.723136
0.628202
0.0992446
0.835707
-0.0731528
0.000697537
-0.401866
0.0356909
-0.31492
-0.979904
0.198854
-0.409087
0.968871
-0.38092
-0.700692
0.468296
0.423261
0.462102
0.546881
0.464503
0.242409
-0.24487
0.357703
0.390736
0.134312
-1.50985
0.0922811
0.872481
-0.507126
-0.418168
-0.0206696
1.1724
0.33964
0.449912
0.242926
-0.142101
0.597522
0.201441
0.973527
-1.08742
0.25895
1.03979
0.178105
0.340236
0.0110782
0.144587
-0.104665
0.474656
0.880795
0.258037
-0.500801
-1.18337
0.460982
1.59629
0.245301
-1.32846
0.282693
-0.215243
0.108284
-0.49442
-0.107334
-0.328402
0.987046
-1.04271
0.201819
-0.658127
-0.659538
0.137196
-0.335124
0.27759
0.302629
-0.231372
-0.144993
-0.0542716
0.351939
-0.398441
-0.00491351
0.546036
0.600273
0.134192
-0.990966
-1.22118
-0.252716
0.304057
0.654653
0.190339
0.77723
1.25349
0.301187
-0.323068
0.462793
1.45996
0.914182
-0.552442
-0.27759
-0.272744
0.80932
0.490001
-0.0951288
-0.316467
0.738884
0.290244
-0.926569
0.372702
0.872249
-0.375693
-0.673636
-0.277394
-0.766167
0.43327
-0.767339
0.620266
0.160192
0.559722
0.458964
1.35092
0.339457
-0.155858
0.614145
-0.0891004
0.994995
0.302608
-0.595412
-0.740861
-0.223487
-0.964544
0.157592
-0.563745
0.920286
-0.332059
-0.239821
-0.518793
-0.758354
-0.647325
-0.911481
0.244658
0.52208
0.829117
-1.00054
-0.46841
-0.147252
0.436203
-0.0803017
0.478691
0.498764
-0.715126
0.115133
-0.319238
0.84405
0.765153
0.710224
-0.484375
-0.0182195
0.307766
0.491774
0.515561
-0.48851
0.92131
0.580613
-0.555823
0.105686
-0.866634
0.0408436
0.763623
0.408307
-0.667285
0.444178
-0.167657
0.828425
0.862895
0.592316
-0.106872
-0.21012
0.267775
-0.898249
0.476324
-0.998291
0.304839
0.492668
-0.112199
-0.690481
-1.51577
0.339624
0.192935
-0.308267
0.145924
0.59279
0.478984
0.963439
-0.210733
-0.429304
1.05222
0.748711
-0.657309
-0.799686
0.00154629
-0.713981
1.15789
-0.386192
-0.19613
0.627674
-1.67392
0.608138
0.486405
0.79577
-1.38576
-0.464976
0.228864
-0.541246
0.0646152
0.744151
0.86972
0.689566
-0.297323
-0.939135
-0.465537
-0.632496
-1.1134
-0.107856
-0.300413
0.788934
0.0703737
0.0845434
0.442827
0.045198
0.0829951
0.978104
0.772531
0.734855
1.30705
-0.713043
-1.02269
-0.431257
0.778438
0.939354
-0.671921
0.43321
-1.54142
0.270006
0.360549
0.471847
1.27229
-0.756701
-0.2859
-0.249855
1.04956
0.823126
-0.189498
-0.935667
0.551241
-0.126012
-1.10004
-0.542772
-0.307671
-0.711157
0.886614
0.00338757
-0.863049
0.484464
0.607022
-0.573046
0.154953
0.518704
-0.626151
0.113193
1.2387
0.679692
-0.203788
0.0778527
1.57121
0.714254
0.184925
-0.544542
1.36859
-0.281585
-0.534543
-0.930052
0.670529
-0.22859
-1.10465
-0.350139
1.21602
-0.621466
0.434027
-0.74987
0.0498793
0.763791
-0.138346
-0.555773
-0.203087
0.0954517
-0.269081
-0.152684
-1.65514
0.703463
-1.23934
-0.465194
-1.04695
0.339633
0.664801
0.917661
-0.424278
0.552175
-0.268287
0.636769
-0.265043
-0.752893
-0.117696
-0.959838
-1.11403
0.473346
0.268087
0.804254
-0.540687
0.511894
-0.74404
0.26194
-1.52666
0.340765
1.10317
0.00088501
0.821934
-0.491479
0.713767
0.293252
0.730044
-0.496744
0.632697
-0.0798669
1.2592
-0.320941
-1.20958
-0.0469069
-0.156338
-0.214834
0.692348
-0.944762
-0.72777
0.170359
1.80089
-0.135655
0.834391
-0.257393
0.820033
-0.979858
0.236513
0.708888
0.669337
0.399274
-0.934242
0.182328
0.810571
0.119236
-1.4369
-0.26572
0.16698
0.874691
1.02197
0.909038
-0.0607975
0.167943
-0.647293
-0.187505
-0.307063
-0.00283819
-0.547641
0.746147
-0.409202
0.563036
0.398936
0.157321
-0.334937
-0.441389
-0.765711
0.747208
0.591862
-0.397198
-0.12786
0.729682
0.068332
-0.61858
-0.843377
0.760765
1.17232
-0.942442
0.763339
-0.883227
1.42665
-0.486129
-0.996134
-0.771398
0.0432205
-0.0102237
0.240305
-0.921461
-0.053923
-0.324686
-2.17235
0.0292561
1.30387
-0.175451
-0.493593
0.198366
0.11848
-0.0484939
-0.420468
0.882355
0.445253
0.669851
0.0786246
0.599894
1.08851
0.740165
-0.453681
0.873071
-0.431621
0.886654
0.691664
-0.765614
0.630603
-0.0542314
-0.114871
-0.952745
0.102279
-0.0904263
2.01138
-0.735651
-0.803949
-0.57445
0.344369
0.573591
0.503157
0.316996
-0.283126
0.556285
1.30949
0.684255
-0.0303463
-0.0107938
-0.821972
-0.848567
-1.01739
-0.307674
-0.0732663
-0.180395
-0.941647
-0.410135
-0.852638
0.489792
-1.05721
-0.89127
-0.280662
-0.282266
0.648503
-0.701814
0.0497398
-0.736381
-0.762286
-0.642525
0.527982
-0.501572
0.0468382
-0.313337
-0.259969
0.329813
0.620049
0.842042
0.36904
-0.789605
-0.823324
0.0923498
0.665952
0.790277
-1.25899
0.720899
0.46193
-0.223426
-0.0503259
0.320953
-0.598677
-0.437239
1.27629
0.940667
-0.245831
0.189612
-0.419608
-0.759771
-1.55385
0.201025
0.999685
-0.311629
-0.975419
-0.0431226
1.42987
0.872965
-0.246302
0.965148
0.46507
0.00413446
-1.52686
0.796075
0.689224
-0.368518
-0.245876
0.141575
-0.0999471
-0.32616
-0.840762
-0.41966
-0.319789
0.823531
-0.0412947
0.614002
0.678473
0.352109
-0.20907
0.533738
-0.830394
0.421255
1.23043
-0.316874
-0.601503
-0.0533001
-0.730925
0.676382
-0.0432242
0.0607712
0.52191
0.137364
0.125195
0.258559
0.916253
0.519883
0.542019
-0.704905
0.0327932
0.572924
-1.135
-0.143416
-0.589906
0.0126041
-0.594363
-0.884664
-0.104452
0.96411
0.0410846
0.210452
-0.653107
-0.264992
1.32673
0.701137
-0.633248
-0.516221
-0.0346506
-0.89961
0.855554
-0.65508
-0.358295
-0.563133
-0.63143
0.573717
0.47376
-0.851792
-0.637456
-0.727042
0.156686
0.123512
-0.979999
0.264565
0.206936
-0.0960779
-0.211568
-0.332377
-1.28083
-0.454533
0.859776
0.746513
1.42738
0.735236
-1.76708
0.590808
2.19005
0.266356
-1.19271
0.189551
-0.172256
-0.635243
1.26768
-0.536973
-0.446071
-0.542526
-1.21263
-0.186377
1.44687
-0.47593
-0.636055
-0.241127
-0.320568
-0.607289
-0.693744
0.209143
0.367483
-0.281747
-0.169287
0.952086
0.260681
0.785522
-1.48832
0.907041
-0.662396
-0.617438
0.56933
-0.289102
-0.459167
-0.424303
0.554484
-0.800775
-0.876167
0.410628
1.07021
0.34373
-0.000724803
-1.00944
0.354792
0.209265
-2.19091
-0.425321
2.85182
0.49382
-1.66533
0.816129
2.70982
0.211829
0.427141
0.547544
-1.43221
0.0852382
-0.739535
-0.217264
2.259
-0.796136
-0.84358
-0.953424
1.36263
-0.482223
-0.0595226
-0.562731
-1.02898
0.724418
0.653803
-0.910524
0.317335
-0.887692
1.24167
-0.837464
0.252803
0.925108
0.131632
0.73878
-0.944713
-0.193701
-0.883354
0.312681
1.35578
0.890378
-1.10422
-1.00147
0.493819
-0.90112
0.258399
-0.173526
-0.17496
0.207923
-0.553531
-0.174613
-0.640471
0.246254
0.686185
-0.994999
-1.66953
-0.211158
-0.135682
-0.387345
-0.303252
0.707022
0.489857
-0.626548
-0.590551
-0.061861
2.00876
-0.15483
-1.4265
-0.16245
0.525385
0.140323
0.447974
-0.325175
0.329949
0.880199
-0.188952
-0.162816
0.707572
0.532421
-1.20272
-0.697623
-0.675353
-0.845322
-0.258857
-0.0563677
-0.165104
-0.35562
-0.378036
0.229041
-1.10913
-0.459074
1.06496
-0.12186
0.808741
-0.578203
-0.862318
0.0379956
-0.387749
-1.00662
0.0263323
0.541124
-0.683654
0.917797
-0.575189
0.807978
0.118663
-0.574819
-0.807458
-0.0430616
-0.337274
-0.192413
0.127782
0.683218
-0.00166705
-0.165657
-0.146714
0.469832
-0.0859994
-0.855529
0.108632
0.69396
0.854761
-0.282281
-0.244847
-0.811212
0.597222
-0.626649
-0.498031
0.826777
-0.366871
-0.398162
-0.905715
-0.316935
-0.227465
-0.457004
-0.941306
-0.65508
0.604876
-0.87254
-0.774415
0.927366
0.145771
-0.125794
1.07125
-0.641469
0.841363
-0.0573772
-0.623007
-0.502792
1.77953
-0.448502
-1.91137
0.644887
0.3551
0.23649
0.406533
-0.985595
0.649607
-0.442171
-0.662401
0.718925
1.61713
0.393588
-2.71198
0.842097
-0.408539
-0.833554
0.551393
-0.846614
0.273299
-0.23852
-0.396786
0.0301828
0.895458
-0.726537
-0.322139
-0.850765
-0.850219
0.809608
0.28668
0.510666
-0.521555
-0.802552
1.18075
0.355876
0.887002
0.640905
1.1005
-0.457015
0.0714644
0.721696
-0.463203
0.941588
-2.24492
-0.564027
1.84538
-0.590747
-2.04515
-0.620944
1.25002
0.913572
1.61862
0.458808
-1.48947
0.359661
0.328958
0.837521
1.39755
0.68865
0.0143427
-0.795451
-0.770711
0.80755
0.344831
0.767808
-1.08971
0.913388
-0.102962
-0.341519
0.281107
0.775079
0.411874
-0.138732
0.0366595
-0.465804
0.851531
0.0387818
-0.352361
0.588244
0.331565
-0.0300353
0.83884
0.118076
0.0131421
-0.309937
-1.13117
0.822504
1.11615
-0.279933
-0.889572
-0.577502
-0.374008
-0.902684
0.961349
-0.502365
0.155407
-0.714397
0.550382
0.216224
0.36327
-0.627055
0.197368
0.523545
0.141734
0.251448
0.491318
-0.651112
-0.0933419
0.905361
0.210821
-0.604907
0.189815
-0.925887
1.59786
-0.927915
-1.22934
-0.85698
0.598552
0.137913
-0.730716
-0.583227
-0.197053
-0.39079
-1.01948
-0.197568
-0.186937
-0.496628
0.245523
-0.00383244
0.0282887
0.97589
0.428933
-0.777151
0.23277
0.413923
-0.323592
-0.430586
-0.410758
0.050203
0.699159
0.0132882
-0.878958
0.658437
0.354627
-0.813261
-0.159269
0.893368
0.49885
-0.0722417
-0.56469
0.837764
0.273544
-0.290591
0.388286
0.319437
-0.350938
-0.00571942
-1.36676
-0.440413
0.403559
0.56354
-0.410104
0.716239
0.586644
-0.0738235
-0.233474
-0.115818
0.528374
-0.245294
0.399982
0.115207
0.470338
0.654567
-1.20762
-0.98059
-1.0898
-0.920277
-0.142734
-0.488083
0.139708
0.411846
-0.189778
-0.733879
-0.120447
0.695295
0.709773
-0.563463
0.589167
-0.37471
0.407237
0.213721
-1.08278
0.907862
0.617773
-0.226234
-1.25084
-0.544103
0.381059
0.184912
-1.49068
-0.970022
0.936749
0.83343
-0.0788731
-0.555838
-0.00950832
0.931638
-0.222663
-0.218462
-0.986796
-0.329386
-0.846793
0.246758
-0.197225
-0.420087
0.0648467
0.792173
-0.653533
-0.343669
1.25289
-0.0959929
0.178672
-0.174474
0.330891
-0.762044
1.32024
-0.702628
-0.348002
-0.781289
-0.625366
0.379009
0.705576
-0.0348805
0.258576
0.306864
-0.5473
0.276011
0.0769534
0.661183
-0.312123
0.751709
0.536021
0.924558
0.421788
0.435178
0.0145001
-0.251747
-0.0140939
0.701808
-0.354805
0.487167
-0.37138
-0.532698
1.17144
0.567431
0.428645
0.110219
-1.43517
-0.751518
-0.0450112
-0.175757
-0.242974
-0.658071
0.0954826
-0.521345
0.101445
-0.549852
0.572839
0.376773
-0.132843
0.28666
-1.4509
-0.363051
0.571734
-0.358623
-0.550301
-0.694919
-0.106733
-0.447127
0.763643
-0.547617
0.054835
0.249672
-0.194516
0.144145
-0.138102
0.424299
-0.683752
0.407638
-0.257173
0.401105
0.531844
-0.76729
0.921143
-0.238197
0.144284
0.707195
0.484167
-0.00967437
-0.822808
0.323085
0.679137
-0.300821
-0.307321
0.508474
-0.401487
-0.998718
-0.0731731
0.474923
-0.45097
0.588061
0.265372
0.427077
-0.122049
0.0773034
-1.15481
-0.816567
0.788144
-0.806574
-0.279762
-0.697714
0.715475
0.341533
-0.174115
0.75581
1.24887
0.139012
-0.716756
-0.797196
0.158486
0.466903
1.02899
-0.0453429
-0.40264
0.602405
0.453271
-0.323498
0.193623
0.997009
0.268905
0.875898
-0.986068
0.260537
0.431582
-0.729936
0.530093
-0.0841395
0.783403
-0.923188
-0.114019
0.484787
-0.753114
0.282398
-0.622229
-0.531297
0.410944
0.987538
0.870478
0.786615
0.215452
0.780172
1.20351
0.23191
1.24716
0.443084
-1.30548
0.512436
-0.86124
-0.192077
0.851372
0.433576
1.01394
0.768693
-0.614175
-0.210486
0.954345
-0.0421548
-0.309354
0.523606
0.321437
-0.330141
1.07456
-0.279336
0.876763
-0.84044
-0.22887
0.99414
-0.352994
-0.223155
-0.783051
-0.17008
-0.410187
-0.462846
0.878287
-0.550035
-0.801254
0.279999
1.38538
0.757927
1.27787
-0.192786
-0.653469
0.928831
0.0494953
-0.318926
0.2908
0.206763
0.24333
0.784998
-0.273147
-0.528733
0.134287
0.0470561
1.06612
0.135899
-0.663348
0.018758
-0.136078
0.94171
1.5173
0.400976
-0.75784
-0.792901
0.0627407
-0.083747
0.381349
-0.901852
0.0459762
-0.770595
0.75445
0.479843
-0.476107
-0.995328
0.226936
0.912839
0.610704
0.481648
-0.918652
0.356548
-1.00068
0.303789
1.06968
-0.857784
-0.0864909
0.701753
0.509088
0.778008
0.146236
-0.715677
0.686836
0.147801
-1.64883
-0.670793
0.540658
0.66863
-0.573337
0.696536
0.568871
0.965941
0.62916
0.397452
-0.946268
0.631947
-0.117814
0.926462
0.747678
-0.371746
-1.00579
-0.609776
0.17842
0.895566
0.75551
-0.520549
-0.880596
0.732353
-0.88046
-0.610595
0.738777
0.506638
-0.459435
-0.271397
0.248141
0.261452
0.979002
0.452471
0.109292
-0.222571
-0.385196
0.93884
0.0354901
-0.344646
-0.263477
0.233978
0.347295
-0.0197455
-0.309153
-0.483342
-0.896552
-0.869625
-1.34118
-0.11334
-0.895711
0.293008
0.12708
-0.488372
0.614013
0.249794
0.36883
-0.815489
-0.234379
-0.00570697
0.136661
0.387028
-0.88414
-0.25602
-0.335526
0.901523
-0.470294
-0.0909757
-1.20732
0.0214299
-0.216567
0.581042
1.07769
0.454501
-0.45916
-0.896542
-0.416568
0.961269
-0.279199
0.286843
0.195786
0.781457
0.85248
0.830683
0.363744
-0.0614017
0.19871
0.515427
-0.265841
0.46877
-0.27393
-0.274209
-0.812132
0.625531
0.382687
-0.13065
-0.81905
-0.836557
-0.0700645
0.251381
0.353874
-0.351042
0.138814
-0.0300607
0.58815
0.104615
-0.491156
0.392621
0.291448
-0.198101
0.0852659
0.777764
0.0144773
0.209844
0.156223
0.602832
-0.130605
0.612171
0.556049
-0.837458
0.0976885
0.96293
0.603447
-0.00143439
-0.74393
0.131055
-0.124055
0.723991
-0.310272
0.962945
1.25476
-0.194983
-0.69612
-0.205285
1.11941
0.861751
0.131835
-0.448165
1.47002
0.0514237
0.920696
0.817794
0.613557
-0.904172
-0.851273
-0.424945
0.223523
-0.483871
-0.830318
-0.299618
0.404379
0.636952
-0.370338
-0.355897
-0.0386655
0.922361
-0.640387
0.856762
0.300495
-0.793207
0.455929
-0.550499
-0.810165
-0.617176
0.155429
0.793319
-0.113159
-0.891659
0.103534
0.427531
0.0123788
0.0958587
-0.341501
-0.786655
-1.22443
0.546251
-1.18801
-0.359928
-0.342171
-0.710074
-0.940232
-0.357449
0.780799
0.196997
-0.307753
0.845959
0.244416
0.419599
0.359686
-0.856631
-0.247418
-0.970763
-0.257138
0.983031
0.688354
-0.389508
-0.0681084
-0.735876
-0.0565552
-0.625538
0.319578
-0.245676
0.150682
0.354656
-0.306607
0.404024
0.631042
-0.753288
0.932104
0.455743
-0.909325
-0.544114
0.616782
-0.732821
1.08058
-0.086642
0.196519
0.213101
0.706798
0.225196
1.04167
-0.428072
1.04612
0.715262
-0.083396
-0.685595
-0.603079
0.92584
0.436381
0.157225
-0.590448
-0.863033
-0.447194
-0.209209
0.0572547
0.468856
-0.111618
0.19323
0.545367
0.127354
-0.115743
-0.599556
-0.784492
-0.641774
-1.14883
-0.364845
-0.757146
0.669484
0.66426
0.712111
-1.01575
-0.11362
0.886025
-0.915603
-0.117883
-0.398785
-0.00295641
-0.563543
-0.40047
-0.420637
-0.642103
0.74432
-0.630402
0.685598
1.29025
0.159926
-1.38979
-0.107944
0.436569
0.630366
0.472803
0.930906
0.585714
-0.824158
-1.426
0.153722
1.53062
0.174794
-0.511152
0.161046
-0.176834
0.572011
-0.473147
0.763237
-0.799371
0.917079
-1.01365
-0.163915
-0.678372
-0.284318
-0.705188
-0.365886
-1.04075
0.560463
0.646221
-0.877743
0.351084
-0.223565
0.0503115
-0.109531
0.0897705
0.135428
0.280087
0.212439
-0.92069
-0.252932
0.92746
0.81164
-0.896612
0.607589
0.803785
0.896481
0.235258
-0.608803
0.156945
0.0278634
0.269093
0.646534
0.852609
0.381268
0.540529
-0.20727
0.283277
0.965575
0.220659
-0.505298
0.226539
0.361553
0.194509
0.895817
0.50239
-0.457381
1.01064
-0.594935
0.0419611
-0.660268
-0.242165
0.433519
-0.263264
0.11362
1.04436
0.987608
0.42011
0.196387
0.894327
0.0503682
-1.704
0.665273
1.65144
0.091841
-1.55582
-0.989319
2.13047
0.629823
-2.00794
-0.738334
1.06837
-0.236808
-0.274177
-0.869503
0.129215
-0.977953
-1.36064
-0.260353
-0.182289
-0.54492
-0.583934
0.492904
-0.530696
-0.121283
-0.924927
0.653981
-0.652897
-0.371053
0.996094
0.194311
0.117035
0.740082
0.122439
-0.527207
-0.260289
-0.532012
-0.104401
0.310831
-0.0534507
0.509194
-0.0554077
0.0229805
-0.407591
-0.165925
-0.455799
0.968749
1.09775
-0.955851
-1.37125
-0.814814
-0.418665
-0.377338
0.836381
0.664663
0.526541
-0.0173364
-0.559809
0.839473
0.625021
-0.774916
0.38787
-0.164159
0.418817
0.980195
-0.644642
-0.939634
0.308923
-0.768757
-0.344166
-0.319498
2.1006
-0.959307
0.631834
0.562426
0.821756
0.541289
0.281351
0.228248
-0.219946
-0.899869
0.112483
0.395367
0.208707
-0.427307
-0.162251
-0.339824
0.0307852
0.00819007
0.304334
0.889279
1.35192
0.717082
-0.255015
0.879452
0.213152
-0.386837
0.558742
-0.149754
0.758313
0.198254
-0.43917
-0.668752
0.227906
-0.907578
-0.760077
0.0055238
-1.22196
-0.969219
-0.307509
0.0735801
-0.326381
0.686784
-0.068758
-0.301309
-1.5588
-0.772229
-0.0986917
0.0971404
-1.43057
0.531267
-0.451677
0.835139
0.849997
-0.592859
-0.333006
-0.104221
-0.0545883
0.742996
1.41053
0.0773644
0.107299
-0.518831
0.22249
0.286965
0.329397
0.906035
0.352835
-0.709769
-0.492808
0.713673
1.16586
0.481796
0.176289
0.611601
-0.331617
-0.763665
-1.21741
0.87474
0.477609
-0.594348
-0.124191
-0.609793
0.626721
0.521348
-0.522528
0.907823
-0.01215
0.268227
-0.853684
-0.165629
-0.0158074
-0.210974
-0.178059
0.52864
1.92185
0.384014
0.28291
-0.00323068
0.244168
-0.832942
-0.651525
-0.646949
-0.272626
0.24247
-1.35477
0.95247
0.101871
0.962035
-0.136518
-0.888689
0.202036
-0.171545
-1.07407
-0.215641
-0.36332
-0.395428
-0.724284
-0.90072
-0.305668
0.192602
1.0707
-0.331876
-0.193216
0.84521
1.04617
-0.95946
0.241832
0.27134
0.0864943
-0.798127
-0.566994
0.199072
0.920133
-0.958834
0.0174554
0.957579
0.445958
-0.858772
0.000871997
0.641713
0.342004
0.802117
-0.011826
0.420759
-0.847744
0.228901
-0.580245
-0.445906
-0.288493
0.220943
0.960589
0.677175
0.0277003
0.285158
0.402217
0.918149
-1.08868
-0.897704
0.735248
-0.589587
-0.444295
0.680152
0.131022
0.76165
-0.660926
0.120779
0.735046
-0.958251
-0.32659
-0.0762008
-0.0622157
-0.145909
-0.92517
-0.831686
1.46557
-0.949889
-1.30748
0.498574
0.358354
-0.348308
-1.02395
0.822266
0.717799
-0.45732
-0.221337
-0.912465
0.0272779
-0.507309
-0.161063
-0.954278
-0.379203
0.0751671
0.416102
-0.0871596
0.992435
-0.957274
-0.680258
-0.7003
1.40162
-0.277993
-0.05665
-0.686398
0.0818196
-0.00973541
-0.242217
-0.250903
0.624686
0.396832
-0.258734
-0.268172
0.0785997
0.991577
-0.650838
-0.278501
0.367022
-0.577441
-0.0525142
0.79441
0.929222
-0.133702
-0.114348
-0.436423
0.491215
-0.648
-0.612002
-0.353658
0.19907
-0.95703
-1.31075
-0.399819
-0.0531437
-0.962096
-0.196336
0.682296
0.447155
0.253822
-0.673537
0.342885
1.11419
-0.0465407
0.0138592
0.379231
0.255453
0.480392
1.02151
0.0950426
-0.75744
-0.237465
0.209105
-0.616513
-0.472189
-0.851192
-0.733586
-0.341525
-0.016965
-0.860225
0.147067
-0.0127034
-0.780531
0.575243
-0.839776
0.305722
1.19461
-0.158483
-0.769541
0.713068
0.649454
-0.339152
-0.253724
-0.889508
-0.479136
0.0252998
0.0396353
0.154393
0.377387
0.837458
0.379851
-0.569687
-0.308237
0.820917
0.955902
0.194824
-1.11171
0.262612
0.343595
0.604864
-0.620665
0.150059
0.568248
0.352295
0.428142
-0.734916
-0.000550548
-0.939286
-1.3106
-0.202673
-0.587255
-0.643574
-0.194053
-0.95996
0.294053
0.526288
0.827825
-0.270058
-0.207402
0.131825
0.1806
0.594531
-0.933627
-0.517106
0.241469
-0.331584
0.656224
-0.115987
-0.0713072
-0.0575274
-0.644722
0.0268742
0.605153
-0.0932951
0.800977
-0.57281
-1.11062
0.550462
1.66711
-0.173697
-1.32097
-0.617542
1.08059
-0.0784294
0.212129
-0.967528
0.432722
-0.671656
0.281361
0.997681
-0.190308
0.702158
-0.736285
0.0957977
0.473061
0.367284
0.299934
0.188513
0.440736
0.367693
-0.462731
0.735893
-0.961241
-0.129765
0.832062
0.746086
-0.880708
-0.744191
-0.0154117
-0.318155
-0.27441
0.822598
-0.203216
-0.113559
-0.232388
-0.970458
-0.288019
0.0917691
0.439696
0.614894
-0.134354
0.571032
0.320448
-0.48526
-0.65465
-0.501938
-0.0511153
0.507611
0.827259
-0.923154
0.359137
0.922874
-0.481435
-0.997436
0.966389
0.33996
-0.384392
-0.182836
0.638418
-0.807835
0.878778
-0.277749
0.415451
0.63165
0.832789
-0.588733
0.542893
0.567618
0.177496
0.484054
0.176455
-0.203609
0.501639
0.00521863
0.767937
-0.417708
0.237587
0.770501
0.541333
0.597266
0.623545
-0.158116
0.521478
0.14214
0.341729
0.915097
0.791445
0.00397076
0.00228844
-0.918577
0.703577
-0.140479
0.392807
-0.452864
-0.854769
0.151267
-0.715763
0.871639
0.193507
-0.217103
-1.05971
0.287881
-0.954922
0.549657
-1.29748
-0.332072
-1.02288
-0.769001
-1.12836
-0.305094
-0.659901
-0.312488
-1.0169
0.804315
0.000145782
-0.12001
-0.794044
0.458052
-0.265132
-0.262902
-0.90035
-0.687307
0.0325068
-0.765683
-0.842973
-0.155431
-0.967122
0.535785
0.970761
-0.0055849
0.478066
-0.77089
0.1381
-0.60564
0.96984
0.905782
0.365222
0.739433
0.388055
0.0457785
-0.359035
-0.134556
1.56448
-0.86338
-0.763239
-0.902646
0.0776483
-0.652295
-0.316928
-0.571032
1.38993
0.693839
-0.371934
0.0975066
0.00169678
0.616886
-0.783012
-0.885067
0.935959
-0.685973
0.590066
-0.680776
-0.158075
0.740934
0.0508018
-0.492782
-1.52051
-0.779578
-0.0140883
-0.787774
0.611959
0.985293
-0.480283
0.688955
-1.57408
0.584474
-0.337675
0.666982
1.05572
-0.918246
-1.12705
-0.562304
0.462779
0.374064
0.167115
-0.165319
0.360224
0.565261
-0.0445546
-0.328715
0.155364
0.314749
-1.18018
0.198218
1.18529
-0.50171
0.227252
0.142491
0.799868
0.105713
-0.935858
-0.10831
0.218901
0.307063
0.403395
-0.615467
0.32904
0.0150197
-0.42019
0.271401
0.557374
0.871512
0.599497
-0.0933561
-0.516572
0.59253
0.114585
-0.26426
0.097697
-1.00493
-0.436955
-0.360881
-0.691128
-0.364532
0.468106
0.79577
0.133834
-0.00496514
-0.184634
0.628773
-0.826036
0.532475
1.00686
0.395306
-0.672386
-0.460471
0.330158
0.984069
-0.508362
-0.272752
-0.98039
-0.518601
-0.433754
-0.130454
0.747135
0.0705893
0.732709
-0.565268
0.011639
-0.175451
0.27104
-0.863247
0.260803
0.95642
-0.109487
-0.266247
-0.99446
0.0890836
0.251853
-0.00448714
0.155574
0.107211
-0.6637
-0.215171
-0.993974
-0.846675
-0.836543
-0.431583
-0.96781
0.331645
0.21843
0.289965
0.0966558
0.680349
-1.26739
0.539225
0.102605
0.976928
-0.50773
-0.659878
0.4287
0.937559
0.27129
-0.510162
0.445097
-0.626453
0.147456
-0.620732
-0.367218
-0.13242
-0.132183
0.621819
-1.10959
-0.468673
-0.124934
-0.581635
-0.668001
-0.591479
-0.631693
0.594573
0.919783
0.0841396
-0.154616
0.630314
0.0284722
-0.936033
0.0603767
0.615493
-0.139076
-0.514512
-0.717509
-0.00451081
-1.12031
0.723685
-0.0498759
1.26941
1.98729
0.453719
-0.874614
-1.28968
0.904484
0.733451
-0.223079
-0.0166486
-2.64951
-0.33256
-1.6593
-1.15833
-1.26809
-0.784112
0.28353
0.361441
0.329419
0.710807
2.90648
-0.551652
-0.488279
0.640675
1.19257
-1.21117
-1.22375
1
0.0431373
0.313726
0.756863
0.0235294
0.301961
0.760784
0.0196078
0.298039
0.745098
0.0196078
0.298039
0.745098
0.0117647
0.294118
0.737255
0.0509804
0.305882
0.745098
0.0235294
0.282353
0.733333
0.0156863
0.278431
0.729412
0.0156863
0.278431
0.729412
0.00784314
0.27451
0.729412
0.0196078
0.278431
0.729412
0.0196078
0.27451
0.729412
0.0156863
0.282353
0.737255
0.0470588
0.305882
0.741176
0.0235294
0.290196
0.741176
0.0235294
0.290196
0.741176
0.105882
0.34902
0.776471
0.027451
0.305882
0.764706
0
0.294118
0.745098
0
0.294118
0.74902
0.054902
0.317647
0.745098
0.0627451
0.309804
0.737255
0
0.301961
0.756863
0
0.301961
0.756863
0.0117647
0.294118
0.752941
0.0313726
0.278431
0.721569
0.0470588
0.321569
0.764706
0.152941
0.396078
0.796078
0.0823529
0.34902
0.768627
0.054902
0.321569
0.74902
0.0156863
0.301961
0.745098
0.0156863
0.301961
0.74902
0.160784
0.388235
0.796078
0.262745
0.458824
0.807843
0.396078
0.560784
0.847059
0.27451
0.486275
0.819608
0.203922
0.345098
0.52549
0.360784
0.0941176
0.247059
0.396078
0.129412
0.443137
0.188235
0.207843
0.564706
0.356863
0.12549
0.4
0.588235
0.0588235
0.305882
0.368627
0.141176
0.435294
0.329412
0.321569
0.611765
0.552941
0.203922
0.439216
0.376471
0.141176
0.458824
0
0.317647
0.764706
0.00392157
0.317647
0.764706
0.435294
0.576471
0.858824
0.796078
0.835294
0.933333
0.847059
0.862745
0.937255
0.686275
0.74902
0.894118
0.380392
0.533333
0.654902
0.113725
0.290196
0.172549
0.588235
0.0470588
0.172549
0.607843
0
0.152941
0.54902
0
0.121569
0.690196
0
0.172549
0.682353
0
0.164706
0.517647
0
0.129412
0.662745
0
0.14902
0.643137
0.0117647
0.239216
0.054902
0.290196
0.729412
0
0.333333
0.788235
0.619608
0.709804
0.898039
0.803922
0.843137
0.921569
0.705882
0.768627
0.898039
0.611765
0.694118
0.858824
0.698039
0.72549
0.807843
0.180392
0.45098
0.32549
0.145098
0.27451
0.137255
0.654902
0.113725
0.258824
0.545098
0.235294
0.321569
0.741176
0.486275
0.552941
0.745098
0.305882
0.431373
0.592157
0.0941176
0.239216
0.592157
0.254902
0.34902
0.803922
0.52549
0.603922
0.172549
0.364706
0.737255
0
0.329412
0.796078
0.47451
0.611765
0.862745
0.784314
0.823529
0.92549
0.701961
0.768627
0.898039
0.513726
0.623529
0.827451
0.588235
0.643137
0.784314
0.196078
0.419608
0.356863
0
0.376471
0.129412
0.219608
0.466667
0.301961
0.647059
0.662745
0.65098
0.760784
0.784314
0.780392
0.886275
0.890196
0.890196
0.698039
0.662745
0.67451
0.627451
0.639216
0.635294
0.866667
0.882353
0.866667
0.243137
0.482353
0.811765
0
0.321569
0.8
0.25098
0.47451
0.831373
0.415686
0.584314
0.85098
0.458824
0.611765
0.854902
0.388235
0.54902
0.811765
0.427451
0.541176
0.74902
0.105882
0.376471
0.313726
0.00392157
0.376471
0.137255
0.168627
0.470588
0.278431
0.54902
0.556863
0.54902
0.494118
0.490196
0.494118
0.72549
0.72549
0.72549
0.690196
0.690196
0.690196
0.517647
0.517647
0.517647
0.529412
0.52549
0.521569
0.156863
0.415686
0.752941
0
0.345098
0.811765
0.180392
0.447059
0.815686
0.156863
0.435294
0.811765
0.184314
0.439216
0.819608
0.2
0.447059
0.811765
0.258824
0.466667
0.682353
0.0235294
0.270588
0.164706
0.027451
0.192157
0.0784314
0.12549
0.156863
0.137255
0.0901961
0.0823529
0.0901961
0
0
0
0.0588235
0.054902
0.054902
0.152941
0.152941
0.152941
0.0352941
0.027451
0.0196078
0
0.0117647
0.0470588
0.0117647
0.333333
0.729412
0.0196078
0.384314
0.819608
0.145098
0.443137
0.823529
0.152941
0.443137
0.823529
0.133333
0.423529
0.811765
0.129412
0.423529
0.815686
0.231373
0.403922
0.541176
0.0431373
0.109804
0.156863
0.0196078
0.00392157
0.0352941
0
0
0
0.0117647
0.0196078
0.0470588
0.027451
0.0745098
0.145098
0.0117647
0.0117647
0.0313726
0
0
0
0.0196078
0.0156863
0.0313726
0.0313726
0.192157
0.392157
0.0117647
0.396078
0.831373
0.0117647
0.392157
0.811765
0.0980392
0.443137
0.823529
0.152941
0.458824
0.831373
0.180392
0.466667
0.831373
0.129412
0.435294
0.807843
0.235294
0.458824
0.701961
0.129412
0.427451
0.803922
0.0980392
0.352941
0.654902
0.0705882
0.258824
0.482353
0.0627451
0.356863
0.67451
0.0117647
0.411765
0.796078
0.0470588
0.337255
0.647059
0.0352941
0.25098
0.478431
0.00392157
0.333333
0.662745
0
0.407843
0.811765
0.00784314
0.411765
0.827451
0.00784314
0.407843
0.823529
0.0745098
0.443137
0.819608
0.0862745
0.45098
0.819608
0.137255
0.466667
0.831373
0.352941
0.576471
0.835294
0.498039
0.639216
0.784314
0.196078
0.501961
0.839216
0.0862745
0.458824
0.839216
0.164706
0.494118
0.862745
0.133333
0.482353
0.847059
0.0196078
0.443137
0.823529
0.0156863
0.439216
0.839216
0
0.439216
0.843137
0.184314
0.521569
0.854902
0.0980392
0.466667
0.827451
0.00392157
0.427451
0.819608
0.00392157
0.431373
0.823529
0.345098
0.572549
0.858824
0.113725
0.478431
0.827451
0.25098
0.533333
0.847059
0.768627
0.803922
0.909804
0.784314
0.788235
0.807843
0.509804
0.654902
0.870588
0.266667
0.533333
0.85098
0.301961
0.564706
0.866667
0.266667
0.533333
0.847059
0.129412
0.486275
0.831373
0
0.435294
0.819608
0.188235
0.509804
0.843137
0.709804
0.776471
0.905882
0.568627
0.682353
0.878431
0.262745
0.556863
0.858824
0
0.45098
0.831373
0.619608
0.698039
0.894118
0.196078
0.513726
0.839216
0.270588
0.541176
0.85098
0.380392
0.596078
0.847059
0.494118
0.596078
0.752941
0.368627
0.537255
0.811765
0.262745
0.541176
0.854902
0.262745
0.552941
0.858824
0.160784
0.505882
0.835294
0.101961
0.498039
0.839216
0
0.47451
0.827451
0.0941176
0.501961
0.839216
0.180392
0.537255
0.843137
0.152941
0.509804
0.827451
0.105882
0.517647
0.854902
0.00784314
0.494118
0.843137
0.258824
0.552941
0.843137
0.196078
0.52549
0.843137
0.0784314
0.490196
0.843137
0.0705882
0.494118
0.819608
0.227451
0.533333
0.752941
0.0862745
0.478431
0.831373
0.32549
0.588235
0.862745
0.619608
0.733333
0.890196
0.458824
0.647059
0.882353
0.258824
0.560784
0.858824
0.298039
0.6
0.866667
0.372549
0.639216
0.87451
0.0313726
0.501961
0.843137
0
0.498039
0.843137
0.0196078
0.521569
0.843137
0.0196078
0.521569
0.85098
0.105882
0.513726
0.843137
0.152941
0.537255
0.85098
0.109804
0.52549
0.847059
0.12549
0.529412
0.839216
0.231373
0.552941
0.768627
0.0784314
0.513726
0.847059
0.27451
0.584314
0.854902
0.407843
0.623529
0.866667
0.376471
0.596078
0.85098
0.309804
0.576471
0.858824
0.482353
0.658824
0.878431
0.439216
0.623529
0.858824
0.207843
0.560784
0.858824
0.0588235
0.54902
0.862745
0.121569
0.568627
0.866667
0.152941
0.576471
0.87451
0.184314
0.541176
0.854902
0.184314
0.556863
0.858824
0.0862745
0.541176
0.858824
0.105882
0.545098
0.843137
0.254902
0.580392
0.772549
0.203922
0.564706
0.870588
0.188235
0.556863
0.858824
0.117647
0.537255
0.85098
0.117647
0.545098
0.854902
0.156863
0.568627
0.854902
0.188235
0.576471
0.870588
0.231373
0.584314
0.878431
0.254902
0.603922
0.878431
0.27451
0.619608
0.882353
0.207843
0.607843
0.878431
0.207843
0.603922
0.878431
1
-0.999911
-1
0.998672
1
-0.0158047
-0.000754043
-0.999997
1
-0.993443
0.0475006
-0.0491423
0
2.13502e-05
4.14559e-05
1.33183e-06
4.37678e-07
-1.56157e-05
-3.0875e-06
2.97072e-05
-1.13097e-05
7.56634e-06
3.88177e-05
-2.68438e-05
-6.57931e-06
2.85218e-05
-2.15306e-05
-2.8404e-05
2.00995e-05
2.25783e-05
-9.83313e-06
1.29185e-05
-9.73394e-06
-2.27383e-05
4.27156e-05
-1.19437e-06
-2.36471e-05
5.13249e-05
-1.34718e-05
2.88929e-05
-1.90861e-06
-7.0212e-07
-1.03054e-06
1.63733e-05
-1.68777e-05
3.8336e-06
1.31188e-05
-1.65132e-05
-2.24642e-05
7.52426e-07
-2.63354e-06
8.09035e-06
-1.68479e-05
-2.43866e-05
2.20279e-05
-6.4338e-06
2.88913e-05
-2.4614e-05
1.01386e-05
-1.67344e-05
9.5074e-06
-2.23513e-05
-1.37156e-05
-6.27188e-06
1.61682e-05
4.18505e-05
5.2988e-06
-3.51122e-05
-1.38297e-06
-8.04441e-06
1.24321e-05
6.93914e-06
2.15292e-05
-2.48651e-05
-1.85533e-05
1.14584e-05
-3.45148e-05
-2.29737e-05
9.75639e-06
-3.60157e-05
-6.85283e-06
-3.50839e-05
-1.53316e-05
-1.11078e-06
2.05787e-06
2.6404e-05
-5.44297e-06
5.45413e-05
-1.24216e-05
5.17528e-07
-1.38389e-05
6.55457e-06
2.46317e-06
1.71279e-05
-3.08388e-06
1.74312e-05
5.31979e-06
2.1676e-05
5.7917e-06
2.99342e-05
-6.35925e-06
-6.57047e-06
-3.18419e-06
3.24183e-06
1.61721e-05
-1.96848e-06
2.51934e-05
-4.31664e-06
-1.8391e-05
1.98609e-05
1.16749e-05
1.62156e-05
-2.14418e-06
-2.10615e-05
-2.58345e-05
-4.64053e-05
1.49602e-05
2.34974e-05
-1.73053e-05
1.57989e-05
-1.37352e-06
3.21325e-05
-2.56346e-06
-1.533e-05
-1.25584e-05
-1.73608e-05
-1.95295e-05
1.06747e-05
2.83385e-06
-4.36744e-05
1.77336e-05
1.80912e-05
9.12662e-06
-1.05966e-05
3.84694e-05
1.12799e-05
-9.12922e-06
-1.5276e-05
2.8749e-05
7.86846e-06
7.73945e-07
6.75e-06
7.8063e-06
-7.85911e-06
-1.19013e-05
-2.74676e-05
1.62002e-05
3.01117e-05
-6.01397e-06
4.43909e-05
5.15033e-06
-2.83267e-05
1.26406e-05
-2.09338e-05
9.83869e-06
1.06287e-05
4.35614e-06
9.55157e-06
-1.59148e-06
-2.28865e-05
4.61363e-06
1.20343e-05
4.70303e-06
1.48965e-05
5.32083e-05
2.80961e-05
8.90535e-06
-2.52055e-05
-1.87405e-05
1.14982e-05
-1.33896e-05
2.31517e-05
7.40864e-06
-3.06591e-05
-1.3016e-05
2.76689e-05
-1.98235e-05
-1.06502e-05
2.64994e-06
-2.16219e-05
-1.41423e-05
-3.92752e-05
1.81752e-05
2.27997e-05
-2.22368e-05
-1.84996e-05
-2.48575e-05
-1.63436e-05
4.50562e-06
-1.96504e-06
-2.82535e-06
2.38868e-05
3.0681e-05
-3.01869e-05
-2.97936e-06
-2.08688e-05
-8.46877e-06
-6.17524e-06
-5.7171e-06
-1.44521e-05
7.23261e-06
2.61743e-05
1.12453e-05
1.908e-05
-1.94099e-05
-1.00051e-05
-2.77895e-05
2.12164e-05
1.55221e-05
-1.32271e-05
-1.2747e-05
2.13912e-05
2.85087e-05
4.96557e-07
-3.22811e-05
-4.77231e-06
1.90099e-05
-1.96116e-06
-3.16671e-05
3.15362e-06
1.09331e-05
-8.26373e-06
3.38521e-05
1.0188e-05
-7.81118e-06
2.82635e-05
-1.24462e-05
-2.27255e-05
-1.68823e-05
4.89699e-06
-6.66186e-06
1.71813e-05
-3.0742e-05
2.14173e-05
9.51094e-06
-1.91544e-05
9.85437e-06
1.30572e-05
-1.41785e-05
2.02784e-05
3.31626e-05
-5.59525e-06
-8.73263e-07
-3.45974e-05
-1.6055e-05
-1.51863e-05
1.75767e-05
1.85128e-05
-2.43862e-05
1.54693e-05
1.53114e-05
1.89915e-05
-1.48103e-05
-1.96033e-05
2.30715e-05
1.37042e-05
6.87645e-06
-4.05447e-05
1.02228e-05
7.22038e-06
-1.85884e-05
3.0305e-05
-3.97716e-05
-3.6359e-05
1.29231e-05
-1.38427e-05
-3.52946e-05
7.6223e-06
1.09995e-05
2.17171e-05
1.19396e-05
-3.28707e-05
2.64334e-05
2.15611e-05
1.21742e-06
2.03396e-06
-1.23873e-05
-3.08932e-06
2.69909e-05
3.81837e-05
2.90055e-05
4.38191e-06
3.5428e-05
-3.60055e-07
-8.28441e-06
-5.55559e-05
-1.86244e-05
-1.34414e-05
-7.63429e-06
-2.14235e-05
-1.85267e-05
-2.10188e-05
2.8708e-05
2.53307e-05
1.7615e-05
4.41071e-06
2.39053e-06
3.38896e-05
1.4961e-05
-1.58129e-05
-3.77603e-05
2.70886e-05
-2.22845e-05
-2.07929e-05
6.76166e-06
-1.41813e-05
-2.78497e-06
-8.57993e-06
3.99737e-05
-2.76195e-05
5.64092e-06
-4.4904e-05
-1.24653e-05
-4.97431e-06
1.61345e-05
-1.83093e-05
1.58438e-05
-1.82415e-06
4.32831e-05
6.42769e-06
3.97663e-06
-4.52273e-06
-1.46149e-05
-1.58454e-05
-1.24957e-05
1.34064e-05
-9.97043e-06
-1.25158e-06
1.70941e-05
-1.11554e-05
-2.14784e-05
-7.44813e-06
2.6647e-05
-2.49678e-05
1.30368e-05
3.029e-05
-5.02321e-06
1.32e-05
-1.08251e-05
-7.47336e-06
1.48429e-05
-6.97321e-06
-2.32079e-05
4.98391e-06
1.39189e-05
1.42378e-05
-3.68429e-05
-1.67887e-05
-6.5873e-06
2.85782e-05
1.00199e-05
-1.81976e-05
5.08217e-06
-8.11191e-06
3.15821e-06
-2.12566e-05
1.78096e-05
4.65309e-05
9.10843e-06
-2.81188e-05
3.26625e-05
-1.49075e-05
8.26266e-06
-1.16133e-05
-9.33578e-06
-5.90304e-06
-1.11169e-05
3.80023e-06
-2.49503e-05
-1.21179e-05
-5.38638e-06
6.78806e-06
-5.40288e-06
-1.27809e-05
1.93835e-05
3.24708e-05
-7.05974e-06
-6.45495e-06
-2.04779e-05
4.3918e-06
-2.05135e-05
-1.57809e-06
-6.73198e-06
5.55593e-06
3.32424e-05
1.75277e-05
5.83573e-06
3.85576e-06
-1.82601e-05
-7.64158e-06
-1.37961e-05
1.05423e-05
-9.32007e-06
-2.30917e-05
-6.71067e-06
-7.64233e-06
-1.83835e-06
-9.70459e-07
2.1123e-05
1.05903e-05
-1.88089e-05
-1.84701e-05
7.24292e-06
1.52262e-05
1.58797e-05
2.58713e-05
1.42479e-05
9.96581e-06
1.10961e-05
-4.22069e-06
2.68319e-06
2.12633e-05
-1.86732e-05
3.67498e-07
3.91297e-05
-3.37231e-06
-3.90449e-05
-4.03707e-05
2.13681e-05
2.13699e-05
-7.15991e-06
-3.42978e-06
5.60125e-07
9.37913e-06
1.67442e-05
1.7055e-05
-1.16182e-05
1.73532e-05
1.50097e-06
9.58416e-06
1.02508e-05
8.09616e-06
4.08149e-09
1.46589e-05
-1.4227e-05
-1.1002e-05
-2.1047e-05
4.65598e-06
8.98473e-06
-1.28562e-05
7.62505e-06
7.01425e-06
6.5907e-06
1.21132e-05
-2.58931e-05
5.499e-06
1.36415e-05
2.00491e-05
-1.90045e-06
-3.26709e-05
1.50519e-06
5.27217e-06
2.19444e-05
-2.27873e-05
-2.86558e-05
-3.02356e-05
-2.32597e-06
-1.70822e-05
-2.65643e-05
-6.55519e-06
3.36383e-05
2.60658e-05
-1.7489e-05
1.95271e-05
-1.22738e-05
-1.67148e-06
9.21614e-06
-3.7259e-06
3.19794e-06
-4.63353e-06
-3.2067e-06
2.74863e-06
1.1577e-05
-2.65823e-05
-1.27424e-05
1.71019e-05
-5.51439e-06
-1.63492e-05
1.4391e-05
5.26046e-06
-6.52277e-06
-5.25954e-06
-2.53493e-06
1.51978e-06
-1.3831e-05
7.46857e-07
6.06347e-06
-1.52278e-05
2.01189e-05
1.2448e-05
-4.70821e-06
1.78342e-05
1.92467e-05
-2.77825e-05
2.27542e-05
2.14495e-05
1.77101e-05
-1.35161e-05
2.0824e-05
2.19221e-05
2.28933e-05
2.19479e-05
-1.83018e-05
-3.64309e-07
-4.99004e-06
2.31674e-05
4.92352e-06
3.20841e-06
1.51911e-05
-1.72754e-05
2.81989e-05
5.68438e-06
8.80821e-06
-8.5155e-06
4.39025e-06
-1.05235e-05
2.93442e-06
1.11821e-05
-3.14402e-05
-7.15083e-06
5.0145e-06
4.95036e-06
-2.11629e-05
8.21908e-06
-1.04104e-05
-6.87642e-06
1.47889e-05
-3.85423e-06
-1.16966e-06
-7.0282e-06
-1.19882e-05
3.17101e-06
5.87048e-06
-4.81439e-06
-1.10247e-05
-3.39131e-05
2.12489e-05
-1.35216e-05
1.58031e-05
1.21086e-05
-1.04422e-05
-1.6919e-05
-2.40849e-05
1.18108e-05
9.816e-06
9.36835e-06
2.39581e-06
3.10035e-06
1.04496e-05
-2.26538e-05
6.25939e-06
-5.38577e-06
2.2394e-05
3.3866e-05
-1.90696e-05
-1.77665e-05
-1.09843e-05
-1.27313e-05
2.50283e-06
2.91436e-06
2.69975e-06
-2.43203e-05
-3.80358e-05
-1.49773e-05
-5.46117e-06
7.08041e-06
1.36319e-06
-2.56092e-06
1.10105e-05
-5.83434e-07
1.4394e-05
3.138e-05
1.28778e-05
4.15187e-05
-1.00375e-05
3.94752e-06
-1.13051e-05
3.78776e-06
-1.07361e-05
-3.94446e-05
5.79969e-06
2.17895e-05
-5.08705e-06
-2.63325e-05
1.82134e-05
1.82342e-05
-1.60498e-06
3.63283e-05
-1.10524e-05
-2.91877e-05
-2.82315e-05
-2.1123e-05
8.18729e-06
6.12193e-06
-1.41043e-05
-1.1926e-05
8.65782e-06
1.82671e-05
1.81872e-05
8.61004e-06
1.15697e-05
2.9244e-05
-8.68705e-06
3.3453e-05
3.54534e-06
2.3108e-05
3.32539e-05
2.68142e-05
-1.22946e-05
-1.22817e-05
-2.68992e-05
-5.36171e-06
4.75966e-06
-8.69525e-06
-2.15889e-06
-1.71543e-05
1.36315e-05
-1.0947e-06
7.66252e-06
2.27423e-05
3.1967e-06
4.25941e-06
6.77443e-05
2.2505e-05
-4.53245e-06
3.86549e-06
4.22875e-06
3.39642e-05
1.32249e-05
1.52942e-05
-3.1868e-06
-3.85604e-05
-1.00064e-05
-4.51741e-05
-4.64034e-05
1.97604e-05
1.64505e-05
4.95515e-06
1.38057e-05
9.08908e-07
5.37734e-07
-2.83577e-05
4.47283e-06
-1.48474e-05
-2.29261e-05
1.91272e-05
1.11551e-05
-1.91505e-05
-3.59211e-05
-1.23974e-06
-2.99317e-05
-2.34045e-05
2.79205e-05
2.865e-05
-4.59164e-06
2.63804e-05
1.12635e-05
9.20174e-06
-3.14964e-05
3.66192e-06
5.73905e-06
-2.14246e-05
-9.96348e-06
-9.06554e-06
-1.00595e-05
-6.70292e-06
-3.15651e-05
-1.98999e-05
-4.99699e-06
-8.94202e-06
2.45221e-05
-1.12947e-06
-5.03027e-07
1.14213e-06
-6.04764e-06
-1.35733e-05
1.0372e-05
3.01237e-06
-1.46964e-05
-3.78507e-05
1.20996e-07
-4.84369e-06
3.64573e-06
1.92474e-05
-8.36049e-08
-1.99273e-05
-5.82248e-06
-8.52218e-06
-1.33522e-05
-1.3192e-05
5.92437e-06
6.85883e-06
1.24162e-05
1.75061e-06
2.15883e-05
-1.54929e-05
-1.87344e-05
1.89193e-05
-3.31623e-06
-2.2852e-05
1.7712e-05
-9.79327e-06
8.35025e-06
3.039e-05
3.09377e-05
1.55816e-05
-1.48665e-05
1.59831e-05
6.4135e-06
-1.66082e-05
-2.37092e-05
-1.02569e-05
-1.02326e-05
9.82023e-06
7.14469e-07
9.11909e-06
3.40042e-06
2.15079e-05
2.9411e-05
2.10545e-05
1.73347e-05
1.14423e-05
2.43861e-05
2.31583e-05
1.91662e-05
2.21315e-05
2.48484e-05
-3.34276e-05
-8.0325e-06
-4.36621e-05
-4.34366e-05
-3.171e-05
-1.01585e-05
-1.89765e-05
-9.82667e-06
-1.50189e-05
1.53731e-05
3.19522e-05
6.39732e-06
3.46562e-05
-1.77349e-06
3.438e-05
-1.00135e-05
3.28897e-05
-3.83537e-06
-4.32827e-05
1.07654e-05
-4.85088e-05
1.55649e-05
1.40023e-05
9.38445e-06
-1.06932e-05
3.22134e-05
1.0274e-05
1.11234e-05
3.40433e-06
2.19257e-05
-1.26049e-05
-2.33834e-06
-1.23555e-05
1.41651e-06
-9.1924e-06
-1.40046e-05
-2.69682e-05
-2.49398e-06
2.04776e-05
1.1075e-05
-1.55663e-05
9.08291e-06
-3.15512e-05
-3.57357e-05
7.3917e-06
-3.46739e-05
-8.82069e-06
1.33956e-05
-4.88008e-07
-1.79624e-05
-1.20626e-05
-6.17217e-06
-4.05325e-06
-1.00037e-07
0
2.8374e-05
-5.1465e-08
1.28096e-05
0
-0.032893
0.0641181
-1.36783e-07
0
8.77545e-05
-0.968668
0.96364
