4
192
3
3
3
-0.997497
-0.410411
-1.51897
0.985247
0.170019
0.325878
-1.4562
0.947905
0.64568
0.533938
-0.277378
1.14402
0.421003
0.585697
-0.605313
-0.750947
-0.817194
-1.10935
-0.863572
-0.342922
0.97705
-0.353195
-0.0978137
-0.650633
-0.982177
0.496237
0.823209
0.378065
0.203528
-0.73582
-0.0084152
0.579714
-0.0984222
-0.413767
-0.157369
0.436794
0.566637
1.04425
1.03832
-0.332434
0.751945
-0.0995795
0.310742
0.916453
0.0787072
-0.778615
-0.94652
-0.248155
0.724479
-0.421917
-0.347961
0.760436
0.993591
0.249692
-0.430042
-0.163993
-0.467574
-0.783268
0.081296
-0.633566
-0.248268
-1.02638
-0.446912
-0.79886
-0.982421
-0.332662
0.0889674
-0.501847
0.175817
-0.424642
1.54826
0.578746
-0.0301217
-1.22184
1.19515
-0.21079
-0.0840785
-0.333823
0.622177
-0.963084
0.198096
-1.08196
1.49876
0.560783
0.14481
-0.725212
-0.203203
-0.432193
-0.149693
0.350112
-2.54866
0.606951
0.503098
-0.474637
-2.46632
0.29281
-0.0162053
-1.07182
-1.51069
-0.271951
-0.705008
1.21347
-0.468595
0.204675
0.385785
-0.719419
1.65717
-0.798394
0.933226
0.435663
-1.51538
0.822446
0.643361
-0.249551
0.505079
-0.783743
0.634388
1.1032
1.59956
0.408178
0.464034
1.23597
0.258079
0.201335
0.364483
0.279256
0.737926
-0.15137
-0.75396
1.14412
2.62033
-0.721081
0.0340282
1.66132
1.46678
-0.92919
0.898679
1.45769
-1.02738
-0.754166
-0.0565508
0.839666
-0.839253
-0.0834478
-0.0878018
0.532867
-1.12948
-0.343649
0.478378
-0.0518951
-0.121772
0.186944
0.678884
-0.37762
0.391476
0.78611
-0.945067
0.68742
-0.182105
-1.0644
0.0626545
-1.35347
-0.747245
0.118853
0.315226
-1.37638
-0.053553
-0.377157
-0.780145
-0.320002
-1.50019
0.985045
-0.427839
-0.614396
-0.432127
0.198488
0.66924
0.397816
1.69299
0.715102
-0.494552
-0.526021
-0.130472
-0.859361
0.612476
0.454258
-2.16795
-0.90063
0.106418
-1.02414
-1.39655
-0.271685
0.50444
0.449648
-0.926356
-1.25223
-0.12656
-1.01376
0.777311
-0.552164
-0.126621
-0.598985
2.2486
0.444342
0.257363
-0.329572
0.0441095
1.25448
0.391522
0.228256
1.97904
-0.131889
-0.6433
2.50907
3.6567
1.31873
-0.804987
2.1757
0.0695117
0.0654527
0.863033
-1.23623
2.61989
-0.243534
-0.545396
1.35951
1.33074
-0.694514
0.256142
0.508716
-0.760237
-0.37614
0.195654
0.407809
-0.629438
0.793973
0.24955
0.733635
-0.577499
0.120076
-0.631459
0.472458
-1.45623
0.965602
-0.514267
-0.863512
-2.08304
0.721373
0.169225
-0.551429
0.440069
-0.21821
0.48149
-0.368567
0.137245
0.754739
0.609058
-1.36079
0.688584
0.512645
0.823115
-0.63176
0.693451
-0.943968
0.335551
-0.332419
-0.34073
-0.0372
-0.388348
-1.19815
-0.0697518
0.664287
0.702445
-0.188616
-0.344507
-0.547049
-0.841304
-1.46727
-0.674187
0.329274
0.0901822
0.32938
1.67593
-0.440056
-0.0688803
0.38184
1.88094
-0.503402
0.475997
0.343292
2.1252
0.644918
0.746696
0.253501
-0.871191
0.443225
-0.745537
-1.56277
0.867234
-0.225295
0.219275
0.937089
-2.37886
0.406576
0.307718
-0.226984
-1.4996
-0.0494647
-0.545824
0.464309
-0.0480584
-0.0534804
0.325602
0.687819
-2.74773
-0.653604
-0.00637835
2.08638
0.768099
0.132913
0.376324
1.28467
1.76956
0.0276748
-0.98822
1.67761
-0.693582
0.251117
0.726493
0.855141
0.909955
-0.051249
-0.239784
0.683163
5.88547
-0.329024
0.911435
0.21989
4.52171
-0.464155
-0.736747
1.26392
-1.22036
0.0611045
-0.944334
0.157193
-0.177568
0.0339907
-0.736747
1.37221
1.38871
-0.229185
0.443281
1.62998
-1.8032
-1.06849
0.415815
0.570038
-2.26379
-1.06146
-0.66216
0.687153
-1.81373
-0.713006
-0.26487
0.71417
0.471944
1.03254
0.0530717
0.270238
-0.0112776
1.29897
-0.710379
0.439614
-0.95814
-0.117114
-0.72692
0.544344
-0.906452
0.0689253
0.146703
-0.47849
0.61
-0.382507
-0.3773
-0.515945
0.305705
-0.664999
-0.431501
0.911368
-0.0718669
0.277793
0.487594
-0.643474
0.251063
0.646148
-0.543016
0.0165592
-1.67317
-0.804279
0.084811
1.05339
-1.12573
-0.440736
0.0493485
-0.290178
-1.68318
-0.08113
0.783074
-0.481296
-3.18826
-0.781686
0.863277
-2.01435
-2.42986
-0.487454
-0.327189
1.06707
1.73692
0.52718
0.892331
0.717614
0.741894
0.913915
0.387066
0.181281
-1.87089
-0.947958
0.0511795
1.31671
4.42996
-0.156844
0.171117
-0.551226
5.95214
0.860926
-0.129002
0.40722
-0.65374
0.352373
0.203101
0.330639
0.104413
-1.30058
-0.555345
-0.918839
0.855646
-1.17277
-0.835505
0.277
2.70846
-0.572734
0.62212
0.387554
-0.450147
0.665424
0.060274
0.134886
-0.0684078
0.126611
0.455794
0.542374
0.815252
0.576513
0.289041
0.533376
-2.06479
0.173076
0.89581
-1.0775
-0.498432
-1.03454
0.963561
-0.239908
-1.38106
0.948751
-0.264931
0.365536
-2.23052
-0.281298
-0.518906
0.0414497
-0.185393
-0.750655
0.805292
-0.0836288
-2.87352
0.387713
-0.656423
0.901922
2.39587
0.984944
-0.578722
-0.410508
0.0599089
0.421527
-0.771905
-0.466685
-1.25978
0.569717
-0.922849
-0.543185
1.4774
-0.388731
-0.692984
-0.0325672
2.50736
0.47441
-0.608692
-0.837261
-1.23163
0.382428
0.818293
-0.474115
0.922925
0.519344
-0.698477
-0.0845482
-0.419809
-0.375156
0.886044
0.463474
-0.842047
0.0976641
-0.489425
-0.19568
0.0819058
-0.7569
0.590503
-0.338028
-1.39419
-0.372769
0.181494
-0.439234
-1.24116
-0.748922
0.288675
-0.160632
1.44435
0.341413
-0.117405
0.216966
-0.389507
0.270803
0.184423
-0.78072
1.83889
0.512382
-0.21659
0.413577
0.378882
0.252518
0.1489
-0.820512
-0.0257337
-0.355102
-0.900754
-0.667365
0.708662
0.00305387
0.790643
-0.108046
0.465508
0.700294
-0.212867
-0.97084
0.743263
-0.741351
-0.223792
-0.713581
-0.221772
0.400473
0.490707
-0.0952025
-1.51605
-0.760382
-0.599658
-1.2621
-0.531321
0.402991
-0.264321
0.412194
0.0113315
0.334613
-0.59386
0.26887
0.76981
-0.159589
0.375286
-0.814867
-0.204546
-1.18325
-0.944395
0.318385
0.294673
0.171763
-0.714652
0.153639
-0.119856
0.0296686
0.449873
-0.703729
0.99879
-0.349502
0.309793
-0.881906
-2.35605
0.283813
-0.900754
0.943585
-0.318331
1.18317
0.455733
-0.0352561
-0.702717
0.380936
-0.255776
-0.724955
-1.18614
1.05739
-0.660878
-1.03889
1.07781
0.860434
-0.57506
-0.320925
-1.17008
-0.744787
-0.120273
0.164411
0.125343
0.527838
-0.197851
0.245156
0.859717
0.728119
0.24662
1.44232
-1.98071
-0.0729583
0.727103
-0.50131
-0.670426
-0.476185
-0.946593
0.268621
0.530618
-1.23493
-0.937925
-0.346135
0.888485
0.516866
-0.196203
-0.157006
-0.532678
0.570187
0.750847
0.104364
0.252245
-0.715865
0.586352
-0.60935
0.312298
0.0340275
0.138401
-0.188857
1.1281
-0.51848
-0.979553
-0.663454
-0.446814
-0.668422
0.542039
-0.868497
1.06402
-1.1159
0.451155
0.762289
-0.299513
-0.739445
0.0711386
0.938443
0.473228
0.552631
-0.605274
0.331877
0.741983
0.400674
0.697623
1.43483
-0.364732
-0.91322
0.233863
-0.171293
-1.36095
0.197049
0.57622
-0.884759
-0.433869
-0.386859
-0.837031
0.873266
0.934926
-0.683872
-0.385052
0.213083
0.652051
0.616357
-0.61626
0.877282
0.366906
-0.892836
0.295267
-0.316902
-0.540298
-0.866453
-0.450056
-0.0800348
1.06074
-0.0265469
-0.257546
0.20976
-1.40443
0.347083
-0.536668
0.0470778
2.36596
-0.479377
-0.954222
1.66505
0.608986
-0.927665
-0.981506
0.575802
-0.491785
-0.301224
-0.170873
0.657744
0.213904
0.175171
0.398541
0.680932
1.18172
0.850906
0.0709555
0.94833
-1.45244
-0.0624075
-0.480026
0.291894
2.22538
-0.310558
-0.825129
0.756789
1.07616
0.713146
0.728446
0.988819
-0.207831
0.62147
0.289834
-0.00565763
1.94585
0.430309
0.743828
0.64995
-0.0177794
0.146041
-0.119663
-1.55951
-1.25904
0.62268
-0.144566
0.972479
-0.883765
2.33541
0.547105
-3.36846
0.922197
1.2674
0.367779
2.95761
-0.463342
-1.81771
-0.903073
-1.26766
-0.606136
1.93248
0.295267
1.39107
-1.27534
-1.24531
-0.13657
-2.97713
1.20058
1.26029
0.308023
-1.35802
0.56702
0.5895
-0.723136
-2.19119
0.590879
0.49475
1
0.0352941
0.309804
0.760784
0.00392157
0.294118
0.745098
0.0588235
0.290196
0.717647
0.0196078
0.290196
0.745098
0.0313726
0.27451
0.721569
0.0666667
0.321569
0.756863
0.0666667
0.317647
0.745098
0.0196078
0.298039
0.745098
0.435294
0.580392
0.854902
0.521569
0.65098
0.870588
0.278431
0.333333
0.45098
0.4
0.0941176
0.32549
0.509804
0.054902
0.290196
0.490196
0.0980392
0.333333
0.486275
0.121569
0.376471
0.0431373
0.298039
0.737255
0.690196
0.760784
0.909804
0.701961
0.752941
0.898039
0.372549
0.54902
0.545098
0.258824
0.298039
0.184314
0.717647
0.52549
0.560784
0.760784
0.494118
0.552941
0.705882
0.529412
0.588235
0.152941
0.403922
0.788235
0.270588
0.498039
0.835294
0.329412
0.52549
0.843137
0.188235
0.392157
0.45098
0.0627451
0.282353
0.121569
0.290196
0.294118
0.27451
0.396078
0.396078
0.372549
0.282353
0.309804
0.32549
0.0627451
0.368627
0.752941
0.117647
0.435294
0.823529
0.145098
0.439216
0.811765
0.141176
0.34902
0.556863
0.0392157
0.152941
0.301961
0.00392157
0.184314
0.380392
0
0.129412
0.278431
0
0.207843
0.45098
0
0.396078
0.815686
0.156863
0.486275
0.835294
0.380392
0.592157
0.843137
0.490196
0.643137
0.843137
0.2
0.513726
0.870588
0.113725
0.490196
0.858824
0.054902
0.470588
0.85098
0.337255
0.592157
0.878431
0.0745098
0.470588
0.835294
0.290196
0.560784
0.854902
0.231373
0.545098
0.835294
0.309804
0.552941
0.8
0.364706
0.6
0.866667
0.270588
0.564706
0.854902
0.207843
0.556863
0.854902
0.14902
0.541176
0.847059
0.054902
0.521569
0.85098
0.145098
0.533333
0.85098
0.109804
0.533333
0.835294
0.164706
0.545098
0.819608
0.266667
0.584314
0.862745
0.27451
0.588235
0.862745
0.341176
0.615686
0.870588
0.180392
0.576471
0.866667
0.152941
0.584314
0.870588
1
0.893808
0.821534
-0.898267
1
0.910457
0.103947
0.234583
1
-0.962192
0.0152836
0.0793009
0
-0.00111038
-0.0013314
0.000846725
0.000362543
0.000730219
-0.000404793
-0.000715292
-0.000549607
0.000439457
-0.00101533
0.000273299
-0.000913329
0.000170606
0.000718851
0.000912395
0.00061648
-0.000682623
0.000287774
0.00123629
-0.00068239
0.000548026
-0.000821514
-0.000423682
0.000314288
-0.000261045
0.00106018
-0.0010886
0.00101712
-0.000489422
-0.00025223
0.000208727
0.000974807
0.00121309
0.000941483
8.89197e-05
0.00041377
-0.000241436
-0.000996335
0.00135424
-0.000168585
0.000483667
-0.00129591
-0.000264777
-0.000885316
0.00110382
0.00109058
0.000313644
0.00154742
0.000492831
-0.000523544
-0.00161522
0.000210287
-0.00161485
-8.24564e-05
0.000368068
0.000919907
0.000466548
-0.00103178
-0.000166181
-0.00126862
-0.000958727
0.000286057
-0.000953918
-0.00054698
0.00104228
3.43708e-05
-0.000634945
0.000516608
-0.000322969
0.000391413
0.00044726
-0.000488399
-0.000251955
0.00030822
-0.000574449
1.76614e-05
6.0391e-05
0.000703482
-8.93852e-05
9.56809e-07
-0.00018623
4.55904e-05
0.000293159
0.000370862
-4.02395e-05
-1.85975e-05
0.000127008
0.00024977
0.000246264
0.000164267
-0.000264981
-0.000359308
2.71389e-05
-2.68818e-05
0.000132801
0.000185309
-0.000159988
-0.000826943
0.00100157
0.000175204
6.63789e-05
0.000914926
0.000127807
-0.000202743
-0.000351435
0.000228874
5.72525e-05
-0.000183517
-0.000113318
0.000406453
0.000370405
0.000245715
-0.000250787
-4.97772e-05
-0.000301473
-9.43576e-05
0.000509269
-0.000578876
0.000129125
0.000382756
-0.000410372
-0.00121556
-0.000541991
-0.000662066
0.000470434
-0.000524558
-0.000466703
-0.000467869
0.000392769
-0.000134654
0.000723516
0.00038853
0.000907431
-0.000314338
-0.000319506
-0.000612553
-0.00024723
0.000418775
1.10006e-05
-0.000729861
0.000915922
-0.000500974
0.000755441
-0.000466132
-0.000430506
0.000211317
0.00151089
-0.000215223
-3.70614e-05
0.000464741
-0.000415702
-0.0013659
-0.000497506
-0.00138834
-0.000938909
0.000912493
-0.00067788
-0.000784608
5.07253e-05
0.000599767
0.00134684
-0.000625605
-0.000746385
0.000785526
-3.59484e-05
0.000688045
0.000766342
0.00141569
0.00092487
-0.000667391
-0.000487949
0.0010272
-0.000234855
0.000437734
0.000789169
-0.00063291
0.00102706
0.000988544
4.61063e-05
-0.000427818
0.000649052
0.00110708
0.000363439
-0.000219522
-0.0010222
4.89361e-05
0.000442407
-0.000841966
-0.00078481
-0.000507909
-0.000181408
-0.00081288
0
-0
2.11318e-05
-0.00128928
0
-0.0158105
-0.0823419
-0.231792
0
0.0303238
-1.11839
0.996117
